#DataName: Atmospheric Wind and Refractive Index Structure Constant
#CopyRight: Chinese Meridian Project
#Station: OQZQB(108.66E,22.10N,23m)
#Instrument: MST Radar
#Producer: Wuhan University
#FileCreateTime: 2024-04-04T13:45:23
#DataLevel: L2
#DataVersion: V01.00
#DataStartTime: 2024-04-04T13:30:00.000
#DataEndTime: 2024-04-04T13:45:04.000
#RecordNumber: 160
#QualityFlag: 1(1:Okay,2:Caution,3:No-Recommend)
#DeviceState: TansInputPower=800kW, WellRAntennaNum=1261, WellTAntennaNum=997
#DeviceSpec: Freq=50.00MHz, PkPower=1994kW, RAntennaNum=1261, TAntennaNum=997, BeamWidth=4.5deg, Rband=1.0MHz
#ObsParameters: PlsWidth=8.00us, PlsCode=8-bit Complementary, PRF=781.25Hz, PlsAccum=8, Range=192km, GateNum=160, Rmin=300m, EleAngle=15.0deg, BeamOrder=SZNEW, nFFT=512, SpAverage=8
#Height(km): The Height Level of the Wind Data, F7.2, missingdata=NaN
#Horiz WS(m/s): Horizontal Wind Speed in m/s, F8.2, missingdata=-99999999
#Horiz_WD(m/s): Horizontal Direction in Degree, Clockwise from Due North, F8.2, missingdata=-99999999
#Verti_V(m/s): Vertical Velocity in m/s, F7.2, missingdata=-9999999
#Cn2(dB): Atmospheric Refractive index Structure Constant in dB, F7.2, missingdata=-9999999
#Credi: Credibility of Data, I5.3, missingdata=-99999
#-------------------------------------------------------------------
 Height Horiz_WS Horiz_WD Verti_V     Cn2 Credi
   0.30     7.17    51.16    0.58 -182.92   100
   1.50     0.07   258.58    0.11 -168.64   100
   2.70     5.05   236.84   -0.15 -159.39   100
   3.90     8.23   237.70   -0.26 -154.63   100
   5.10     9.08   239.89   -0.20 -154.29   100
   6.30    11.89   249.83   -0.15 -153.59   100
   7.50    15.64   252.26   -0.23 -153.59   100
   8.70    21.82   259.06   -0.25 -153.80   100
   9.90    26.95   266.45   -0.22 -154.81   100
  11.10    34.19   271.76   -0.22 -156.89   100
  12.30    39.39   271.88   -0.16 -156.89   100
  13.50    40.84   273.53   -0.23 -157.73   100
  14.70    40.89   274.60   -0.09 -158.98    94
  15.90    36.21   270.21   -0.25 -159.89    94
  17.10    30.42   296.65    1.32 -162.27    94
  18.30    31.39   324.41    2.53 -162.83   100
  19.50    42.71   345.17    4.47 -165.89   100
  20.70    27.39   343.39    3.00 -169.25    96
  21.90    33.20   351.51    3.66 -171.32   100
  23.10    33.30   358.45    5.23 -174.28    86
  24.30    38.71     4.09    5.81 -174.51    80
  25.50    38.88     6.69    7.81 -174.31    56
  26.70    46.33    22.90   10.56 -174.30    70
  27.90    55.13    39.72   12.60 -174.07    56
  29.10    52.43    42.93   13.44 -174.29    48
  30.30    48.12    38.59   16.30 -174.29    49
  31.50    45.76    39.55   16.52 -174.52    58
  32.70    48.51    47.45   16.85 -174.94    45
  33.90    19.03   346.74   24.19 -175.18    42
  35.10    15.58     7.37   24.49 -175.18    57
  36.30    16.32    10.92   24.62 -175.11    41
  37.50    21.36    12.56   23.51 -175.12    45
  38.70    14.09    26.53   22.04 -175.16    78
  39.90    26.31    12.22   23.20 -174.71    54
  41.10    22.79    14.63   23.87 -175.05    32
  42.30    11.02    23.48   24.60 -174.65    53
  43.50    12.02    21.43   22.82 -174.32    75
  44.70     7.47    10.42   21.24 -174.32    60
  45.90     9.69   348.75   21.14 -174.32    48
  47.10    14.12   350.58   20.45 -174.39    61
  48.30    12.88   354.22   20.88 -174.66    65
  49.50    13.40    10.92   23.10 -174.66    54
  50.70    16.43     8.10   22.19 -174.26    35
  51.90    11.84    10.01   20.82 -174.84    36
  53.10     7.16    60.89   23.62 -174.79    64
  54.30     8.69   167.53   21.66 -174.94    58
  55.50     8.70   167.29   21.70 -175.52    52
  56.70     9.65   147.26   22.61 -175.52    24
  57.90    17.79    55.62   24.44 -175.58    28
  59.10    14.21    45.64   24.75 -175.62    26
  60.30    21.18    52.82   24.59 -175.72    28
  61.50    16.49    60.90   25.21 -175.66    31
  62.70    20.13    64.05   24.84 -175.80    39
  63.90    14.70    53.18   25.11 -175.68    26
  65.10    24.37    56.01   24.89 -175.63    35
  66.30    17.08    52.21   25.76 -175.73    34
  67.50    24.63    46.50   24.74 -175.78    18
  68.70    18.55    37.51   24.82 -175.78    37
  69.90    16.99    52.63   24.90 -175.63    30
  71.10    11.77    67.06   25.62 -175.77     4
  72.30    21.03    55.43   23.60 -175.75    37
  73.50     8.57    73.91   24.47 -175.73    40
  74.70     8.72    69.75   24.58 -175.64    46
  75.90     4.98    14.33   24.35 -175.64    42
  77.10     5.24   108.87   22.75 -175.64    21
  78.30    10.67   193.68   21.03 -175.57    24
  79.50    10.35   150.51   20.59 -175.57    30
  80.70    19.71   110.33   19.82 -175.59    16
  81.90    23.43   112.64   20.36 -175.66    41
  83.10    19.24    72.97   20.90 -175.66    59
  84.30    23.19    95.85   21.89 -175.64    23
  85.50    10.04   137.08   23.96 -175.77    33
  86.70     9.36   144.02   23.17 -175.69     6
  87.90    11.08    83.63   21.64 -175.57    38
  89.10    47.34    97.08   18.59 -175.64    45
  90.30    87.36    83.80   14.09 -175.61    13
  91.50    86.09    82.61   14.05 -175.51    35
  92.70    67.30    79.50   16.46 -175.50    47
  93.90    97.30    86.09   14.09 -175.46    25
  95.10    41.86    74.54   21.87 -175.46    44
  96.30    40.42    72.52   22.06 -175.49    47
  97.50    99.54    81.67   15.76 -175.65    43
  98.70   117.68    81.83   13.69 -175.65    48
  99.90   100.41    86.06   14.20 -175.75    42
 101.10   119.39    94.76   11.04 -175.69    42
 102.30   102.90    98.10   12.58 -175.76    30
 103.50   102.42    98.96   12.47 -175.60    49
 104.70    65.82    89.19   18.86 -175.67    47
 105.90    66.42    75.27   20.06 -175.67    49
 107.10    17.92   310.19   23.71 -175.77    18
 108.30    16.09   294.59   23.12 -175.71    55
 109.50    31.10   298.98   21.75 -175.84    50
 110.70    29.04   296.03   21.79 -175.84    44
 111.90    15.06   325.61   23.74 -175.68    20
 113.10    10.58     7.60   25.37 -175.68    29
 114.30    12.29    25.12   26.16 -175.67    32
 115.50    23.70   102.80   21.75 -175.50    42
 116.70    20.00    66.01   19.52 -175.38    28
 117.90    18.77   101.42   10.49 -175.44    57
 119.10    48.33    68.64    8.91 -175.43    24
 120.30    36.37   121.53    3.21 -175.36    34
 121.50    38.80   123.98    1.97 -175.49    43
 122.70    84.65   197.10    2.42 -175.65    58
 123.90    54.19   216.00   11.92 -175.78    41
 125.10    67.04   208.72   10.45 -175.86    28
 126.30    31.75   228.26   15.90 -175.86    21
 127.50     4.80   351.45   23.72 -175.73    31
 128.70    12.68    18.98   26.64 -175.65    43
 129.90    14.17    36.07   25.65 -175.56    26
 131.10    13.08    20.02   26.74 -175.47    30
 132.30    11.20    42.69   26.52 -175.51    29
 133.50     9.27    27.82   27.39 -175.51    43
 134.70     7.46     3.79   27.35 -175.44    36
 135.90     6.39     5.44   27.57 -175.45    23
 137.10     7.87    28.97   26.33 -175.34    33
 138.30    11.54    30.83   25.77 -175.16    33
 139.50    11.09    51.08   25.97 -175.12    35
 140.70    17.41    46.34   25.12 -175.26    32
 141.90     9.37    22.41   26.35 -175.24    49
 143.10    14.69    17.66   25.94 -175.29    29
 144.30     5.86    12.96   26.54 -175.29    44
 145.50    10.36     7.88   26.07 -175.43    48
 146.70     6.01   343.69   27.06 -175.19    39
 147.90     2.70    13.04   25.05 -175.19    39
 149.10     5.51   148.99   25.88 -175.36    41
 150.30    10.50    51.44   26.89 -175.62    15
 151.50    15.56    39.93   26.08 -175.58    41
 152.70    21.80    27.26   25.36 -175.58    36
 153.90    16.51    35.21   26.05 -175.39    38
 155.10    14.83    31.14   25.78 -175.12    49
 156.30    18.03     8.10   25.30 -174.92    42
 157.50    15.85     7.40   25.43 -174.92    32
 158.70    16.55    11.07   25.57 -174.95    31
 159.90    13.70     5.78   25.49 -174.98    31
 161.10    12.68     6.27   25.84 -175.07    36
 162.30     5.75    27.56   26.83 -175.19    39
 163.50     6.97    89.13   27.95 -175.13    38
 164.70     1.56   130.44   27.72 -175.13    39
 165.90     5.10    60.37   27.62 -175.30    52
 167.10    10.39    26.57   27.46 -175.34    36
 168.30    10.52    16.05   27.06 -175.42    32
 169.50    10.13    14.66   27.27 -175.66    60
 170.70     9.57    15.57   27.18 -175.63    22
 171.90     3.95    43.75   27.69 -175.69    53
 173.10     4.47    61.96   27.58 -175.69    38
 174.30     4.63    61.12   28.62 -175.48    52
 175.50     6.15    56.63   29.12 -175.38    39
 176.70     7.44    58.72   28.16 -175.33    23
 177.90    10.81    17.70   28.20 -175.20    38
 179.10    11.41    27.77   28.57 -175.08    34
 180.30     7.72    54.91   28.70 -175.09    32
 181.50     5.50    28.51   27.58 -174.86    67
 182.70 -99999999 -99999999 -9999999 -9999999 -99999
 183.90 -99999999 -99999999 -9999999 -9999999 -99999
 185.10 -99999999 -99999999 -9999999 -9999999 -99999
 186.30 -99999999 -99999999 -9999999 -9999999 -99999
 187.50 -99999999 -99999999 -9999999 -9999999 -99999
 188.70 -99999999 -99999999 -9999999 -9999999 -99999
 189.90 -99999999 -99999999 -9999999 -9999999 -99999
 191.10 -99999999 -99999999 -9999999 -9999999 -99999
