#DataName: Atmospheric Wind and Refractive Index Structure Constant
#CopyRight: Chinese Meridian Project
#Station: OQZQB(108.66E,22.10N,23m)
#Instrument: MST Radar
#Producer: Wuhan University
#FileCreateTime: 2024-04-01T11:44:40
#DataLevel: L2
#DataVersion: V01.00
#DataStartTime: 2024-04-01T11:30:00.000
#DataEndTime: 2024-04-01T11:44:38.000
#RecordNumber: 100
#QualityFlag: 1(1:Okay,2:Caution,3:No-Recommend)
#DeviceState: TansInputPower=800kW, WellRAntennaNum=1261, WellTAntennaNum=997
#DeviceSpec: Freq=50.00MHz, PkPower=1994kW, RAntennaNum=1261, TAntennaNum=997, BeamWidth=4.5deg, Rband=1.0MHz
#ObsParameters: PlsWidth=4.00us, PlsCode=8-bit Complementary, PRF=2500.00Hz, PlsAccum=26, Range=60km, GateNum=100, Rmin=300m, EleAngle=15.0deg, BeamOrder=SZNEW, nFFT=512, SpAverage=8
#Height(km): The Height Level of the Wind Data, F7.2, missingdata=NaN
#Horiz WS(m/s): Horizontal Wind Speed in m/s, F8.2, missingdata=-99999999
#Horiz_WD(m/s): Horizontal Direction in Degree, Clockwise from Due North, F8.2, missingdata=-99999999
#Verti_V(m/s): Vertical Velocity in m/s, F7.2, missingdata=-9999999
#Cn2(dB): Atmospheric Refractive index Structure Constant in dB, F7.2, missingdata=-9999999
#Credi: Credibility of Data, I5.3, missingdata=-99999
#-------------------------------------------------------------------
 Height Horiz_WS Horiz_WD Verti_V     Cn2 Credi
   0.30    14.24    52.43    0.11 -163.79   100
   0.90     0.14   229.10   -0.05 -150.32   100
   1.50    11.06   230.53   -0.22 -140.34   100
   2.10    17.30   229.94   -0.26 -134.37   100
   2.70    18.50   229.22   -0.28 -132.78   100
   3.30    18.80   229.39   -0.28 -131.33   100
   3.90    19.11   229.53   -0.25 -131.33   100
   4.50    19.24   231.16   -0.26 -131.81   100
   5.10    20.49   236.75   -0.27 -133.89   100
   5.70    23.85   242.65   -0.23 -137.05   100
   6.30    26.60   249.08   -0.20 -139.17   100
   6.90    27.77   253.87   -0.07 -139.17   100
   7.50    28.01   252.92    0.05 -138.55   100
   8.10    28.13   252.36    0.13 -138.96   100
   8.70    28.42   251.47    0.20 -141.10   100
   9.30    29.97   247.34    0.20 -144.84   100
   9.90    31.48   246.49    0.14 -145.37   100
  10.50    32.81   246.57    0.03 -145.37   100
  11.10    34.79   245.60   -0.21 -147.42   100
  11.70    35.65   246.38   -0.31 -149.35   100
  12.30    34.64   250.55   -0.40 -149.93   100
  12.90    32.09   254.33   -0.33 -154.75   100
  13.50    29.27   258.11   -0.14 -156.00   100
  14.10    27.06   258.22   -0.02 -156.00   100
  14.70    28.89   239.46    1.07 -158.76   100
  15.30    34.32   224.04    2.04 -161.64   100
  15.90    30.93   221.24    2.09 -164.92   100
  16.50    24.67   217.71    2.05 -166.37   100
  17.10    10.84   221.44    1.00 -166.37   100
  17.70     2.71   335.65   -0.13 -165.39   100
  18.30     3.62    61.08   -0.27 -165.44   100
  18.90     4.19    83.04   -0.38 -162.49   100
  19.50     4.62    99.74   -0.37 -159.01   100
  20.10     3.92   107.65   -0.36 -159.01   100
  20.70     4.17   108.91   -0.25 -161.85   100
  21.30     4.07   122.64   -0.20 -162.74   100
  21.90     3.88   135.18   -0.04 -166.84   100
  22.50     3.25   130.83   -0.02 -169.57    90
  23.10     4.50   147.58    0.08 -172.45    94
  23.70     4.37   181.38    0.01 -172.45    89
  24.30     2.39   207.79   -0.01 -173.74    89
  24.90     2.97   180.59    0.30 -173.30    87
  25.50     4.91   210.38    0.26 -9999999    85
  26.10     5.99   206.90    0.54 -9999999    62
  26.70 -99999999 -99999999 -9999999 -9999999 -99999
  27.30 -99999999 -99999999 -9999999 -9999999 -99999
  27.90 -99999999 -99999999 -9999999 -9999999 -99999
  28.50 -99999999 -99999999 -9999999 -9999999 -99999
  29.10 -99999999 -99999999 -9999999 -9999999 -99999
  29.70 -99999999 -99999999 -9999999 -9999999 -99999
  30.30 -99999999 -99999999 -9999999 -9999999 -99999
  30.90 -99999999 -99999999 -9999999 -9999999 -99999
  31.50 -99999999 -99999999 -9999999 -9999999 -99999
  32.10 -99999999 -99999999 -9999999 -9999999 -99999
  32.70 -99999999 -99999999 -9999999 -9999999 -99999
  33.30 -99999999 -99999999 -9999999 -9999999 -99999
  33.90 -99999999 -99999999 -9999999 -9999999 -99999
  34.50 -99999999 -99999999 -9999999 -9999999 -99999
  35.10 -99999999 -99999999 -9999999 -9999999 -99999
  35.70 -99999999 -99999999 -9999999 -9999999 -99999
  36.30 -99999999 -99999999 -9999999 -9999999 -99999
  36.90 -99999999 -99999999 -9999999 -9999999 -99999
  37.50 -99999999 -99999999 -9999999 -9999999 -99999
  38.10 -99999999 -99999999 -9999999 -9999999 -99999
  38.70 -99999999 -99999999 -9999999 -9999999 -99999
  39.30 -99999999 -99999999 -9999999 -9999999 -99999
  39.90 -99999999 -99999999 -9999999 -9999999 -99999
  40.50 -99999999 -99999999 -9999999 -9999999 -99999
  41.10 -99999999 -99999999 -9999999 -9999999 -99999
  41.70 -99999999 -99999999 -9999999 -9999999 -99999
  42.30 -99999999 -99999999 -9999999 -9999999 -99999
  42.90 -99999999 -99999999 -9999999 -9999999 -99999
  43.50 -99999999 -99999999 -9999999 -9999999 -99999
  44.10 -99999999 -99999999 -9999999 -9999999 -99999
  44.70 -99999999 -99999999 -9999999 -9999999 -99999
  45.30 -99999999 -99999999 -9999999 -9999999 -99999
  45.90 -99999999 -99999999 -9999999 -9999999 -99999
  46.50 -99999999 -99999999 -9999999 -9999999 -99999
  47.10 -99999999 -99999999 -9999999 -9999999 -99999
  47.70 -99999999 -99999999 -9999999 -9999999 -99999
  48.30 -99999999 -99999999 -9999999 -9999999 -99999
  48.90 -99999999 -99999999 -9999999 -9999999 -99999
  49.50 -99999999 -99999999 -9999999 -9999999 -99999
  50.10 -99999999 -99999999 -9999999 -9999999 -99999
  50.70 -99999999 -99999999 -9999999 -9999999 -99999
  51.30 -99999999 -99999999 -9999999 -9999999 -99999
  51.90 -99999999 -99999999 -9999999 -9999999 -99999
  52.50 -99999999 -99999999 -9999999 -9999999 -99999
  53.10 -99999999 -99999999 -9999999 -9999999 -99999
  53.70 -99999999 -99999999 -9999999 -9999999 -99999
  54.30 -99999999 -99999999 -9999999 -9999999 -99999
  54.90 -99999999 -99999999 -9999999 -9999999 -99999
  55.50 -99999999 -99999999 -9999999 -9999999 -99999
  56.10 -99999999 -99999999 -9999999 -9999999 -99999
  56.70 -99999999 -99999999 -9999999 -9999999 -99999
  57.30 -99999999 -99999999 -9999999 -9999999 -99999
  57.90 -99999999 -99999999 -9999999 -9999999 -99999
  58.50 -99999999 -99999999 -9999999 -9999999 -99999
  59.10 -99999999 -99999999 -9999999 -9999999 -99999
  59.70 -99999999 -99999999 -9999999 -9999999 -99999
