#DataName: Atmospheric Wind and Refractive Index Structure Constant
#CopyRight: Chinese Meridian Project
#Station: OQZQB(108.66E,22.10N,23m)
#Instrument: MST Radar
#Producer: Wuhan University
#FileCreateTime: 2024-04-01T16:14:44
#DataLevel: L2
#DataVersion: V01.00
#DataStartTime: 2024-04-01T16:00:00.000
#DataEndTime: 2024-04-01T16:14:37.000
#RecordNumber: 100
#QualityFlag: 1(1:Okay,2:Caution,3:No-Recommend)
#DeviceState: TansInputPower=800kW, WellRAntennaNum=1261, WellTAntennaNum=997
#DeviceSpec: Freq=50.00MHz, PkPower=1994kW, RAntennaNum=1261, TAntennaNum=997, BeamWidth=4.5deg, Rband=1.0MHz
#ObsParameters: PlsWidth=4.00us, PlsCode=8-bit Complementary, PRF=2500.00Hz, PlsAccum=26, Range=60km, GateNum=100, Rmin=300m, EleAngle=15.0deg, BeamOrder=SZNEW, nFFT=512, SpAverage=8
#Height(km): The Height Level of the Wind Data, F7.2, missingdata=NaN
#Horiz WS(m/s): Horizontal Wind Speed in m/s, F8.2, missingdata=-99999999
#Horiz_WD(m/s): Horizontal Direction in Degree, Clockwise from Due North, F8.2, missingdata=-99999999
#Verti_V(m/s): Vertical Velocity in m/s, F7.2, missingdata=-9999999
#Cn2(dB): Atmospheric Refractive index Structure Constant in dB, F7.2, missingdata=-9999999
#Credi: Credibility of Data, I5.3, missingdata=-99999
#-------------------------------------------------------------------
 Height Horiz_WS Horiz_WD Verti_V     Cn2 Credi
   0.30    16.99    34.98   -0.36 -156.15   100
   0.90     0.08   169.04   -0.09 -148.07   100
   1.50    10.78   222.06   -0.04 -140.96   100
   2.10    15.84   224.82   -0.05 -136.29   100
   2.70    16.38   226.72   -0.09 -134.16   100
   3.30    15.45   230.75   -0.16 -134.16   100
   3.90    13.87   239.41   -0.20 -133.71   100
   4.50    12.74   250.91   -0.13 -133.20   100
   5.10    12.62   258.71   -0.02 -132.23   100
   5.70    16.39   261.33    0.05 -132.64   100
   6.30    20.34   259.83    0.15 -133.51   100
   6.90    24.23   253.93    0.07 -138.11   100
   7.50    25.64   248.29   -0.04 -141.30   100
   8.10    26.56   245.23   -0.16 -143.10   100
   8.70    27.19   245.11   -0.10 -144.19   100
   9.30    29.00   246.76    0.05 -144.19   100
   9.90    14.01   215.46    2.30 -144.63    94
  10.50    17.53   226.56    2.12 -146.28    94
  11.10    15.41   193.78    3.33 -148.44   100
  11.70    19.70   223.39    2.23 -151.04   100
  12.30    30.08   241.73    0.77 -153.52   100
  12.90    31.67   245.53    0.21 -155.85   100
  13.50    29.19   251.01    0.14 -156.49   100
  14.10    29.42   252.99   -0.01 -157.50   100
  14.70    26.65   254.06    0.07 -159.78   100
  15.30    24.26   253.27    0.12 -161.04   100
  15.90    20.50   248.95    0.02 -165.01   100
  16.50    14.70   238.23   -0.11 -165.01   100
  17.10    12.27   217.52   -0.30 -164.63   100
  17.70    10.84   201.82   -0.21 -163.99   100
  18.30     9.55   184.69   -0.07 -160.28   100
  18.90     7.17   173.13    0.00 -159.73   100
  19.50     5.20   156.59   -0.07 -161.26   100
  20.10     4.70   144.31   -0.17 -161.37   100
  20.70     5.59   141.50   -0.22 -160.52   100
  21.30     6.29   146.43   -0.24 -161.76   100
  21.90     5.24   179.80   -0.26 -160.52    94
  22.50     4.73   203.00   -0.22 -162.09   100
  23.10     6.02   227.15   -0.29 -166.17   100
  23.70     6.79   238.26   -0.23 -168.99    79
  24.30     5.55   232.08   -0.09 -172.87   100
  24.90     5.99   219.53   -0.03 -172.87    98
  25.50     7.84   221.52    0.05 -174.17    79
  26.10 -99999999 -99999999 -9999999 -9999999 -99999
  26.70 -99999999 -99999999 -9999999 -9999999 -99999
  27.30 -99999999 -99999999 -9999999 -9999999 -99999
  27.90 -99999999 -99999999 -9999999 -9999999 -99999
  28.50 -99999999 -99999999 -9999999 -9999999 -99999
  29.10 -99999999 -99999999 -9999999 -9999999 -99999
  29.70 -99999999 -99999999 -9999999 -9999999 -99999
  30.30 -99999999 -99999999 -9999999 -9999999 -99999
  30.90 -99999999 -99999999 -9999999 -9999999 -99999
  31.50 -99999999 -99999999 -9999999 -9999999 -99999
  32.10 -99999999 -99999999 -9999999 -9999999 -99999
  32.70 -99999999 -99999999 -9999999 -9999999 -99999
  33.30 -99999999 -99999999 -9999999 -9999999 -99999
  33.90 -99999999 -99999999 -9999999 -9999999 -99999
  34.50 -99999999 -99999999 -9999999 -9999999 -99999
  35.10 -99999999 -99999999 -9999999 -9999999 -99999
  35.70 -99999999 -99999999 -9999999 -9999999 -99999
  36.30 -99999999 -99999999 -9999999 -9999999 -99999
  36.90 -99999999 -99999999 -9999999 -9999999 -99999
  37.50 -99999999 -99999999 -9999999 -9999999 -99999
  38.10 -99999999 -99999999 -9999999 -9999999 -99999
  38.70 -99999999 -99999999 -9999999 -9999999 -99999
  39.30 -99999999 -99999999 -9999999 -9999999 -99999
  39.90 -99999999 -99999999 -9999999 -9999999 -99999
  40.50 -99999999 -99999999 -9999999 -9999999 -99999
  41.10 -99999999 -99999999 -9999999 -9999999 -99999
  41.70 -99999999 -99999999 -9999999 -9999999 -99999
  42.30 -99999999 -99999999 -9999999 -9999999 -99999
  42.90 -99999999 -99999999 -9999999 -9999999 -99999
  43.50 -99999999 -99999999 -9999999 -9999999 -99999
  44.10 -99999999 -99999999 -9999999 -9999999 -99999
  44.70 -99999999 -99999999 -9999999 -9999999 -99999
  45.30 -99999999 -99999999 -9999999 -9999999 -99999
  45.90 -99999999 -99999999 -9999999 -9999999 -99999
  46.50 -99999999 -99999999 -9999999 -9999999 -99999
  47.10 -99999999 -99999999 -9999999 -9999999 -99999
  47.70 -99999999 -99999999 -9999999 -9999999 -99999
  48.30 -99999999 -99999999 -9999999 -9999999 -99999
  48.90 -99999999 -99999999 -9999999 -9999999 -99999
  49.50 -99999999 -99999999 -9999999 -9999999 -99999
  50.10 -99999999 -99999999 -9999999 -9999999 -99999
  50.70 -99999999 -99999999 -9999999 -9999999 -99999
  51.30 -99999999 -99999999 -9999999 -9999999 -99999
  51.90 -99999999 -99999999 -9999999 -9999999 -99999
  52.50 -99999999 -99999999 -9999999 -9999999 -99999
  53.10 -99999999 -99999999 -9999999 -9999999 -99999
  53.70 -99999999 -99999999 -9999999 -9999999 -99999
  54.30 -99999999 -99999999 -9999999 -9999999 -99999
  54.90 -99999999 -99999999 -9999999 -9999999 -99999
  55.50 -99999999 -99999999 -9999999 -9999999 -99999
  56.10 -99999999 -99999999 -9999999 -9999999 -99999
  56.70 -99999999 -99999999 -9999999 -9999999 -99999
  57.30 -99999999 -99999999 -9999999 -9999999 -99999
  57.90 -99999999 -99999999 -9999999 -9999999 -99999
  58.50 -99999999 -99999999 -9999999 -9999999 -99999
  59.10 -99999999 -99999999 -9999999 -9999999 -99999
  59.70 -99999999 -99999999 -9999999 -9999999 -99999
