#DataName: Atmospheric Wind and Refractive Index Structure Constant
#CopyRight: Chinese Meridian Project
#Station: OQZQB(108.66E,22.10N,23m)
#Instrument: MST Radar
#Producer: Wuhan University
#FileCreateTime: 2024-04-01T05:06:33
#DataLevel: L2
#DataVersion: V01.00
#DataStartTime: 2024-04-01T05:04:08.000
#DataEndTime: 2024-04-01T05:06:09.000
#RecordNumber: 200
#QualityFlag: 1(1:Okay,2:Caution,3:No-Recommend)
#DeviceState: TansInputPower=576kW, WellRAntennaNum=931, WellTAntennaNum=576
#DeviceSpec: Freq=161.00MHz, PkPower=1152kW, RAntennaNum=931, TAntennaNum=576, BeamWidth=4.5deg, Rband=1.0MHz
#ObsParameters: PlsWidth=4.00us, PlsCode=8-bit Complementary, PRF=5000.00Hz, PlsAccum=16, Range=30km, GateNum=200, Rmin=100m, EleAngle=15.0deg, BeamOrder=SZNEW, nFFT=1024, SpAverage=5
#Height(km): The Height Level of the Wind Data, F7.2, missingdata=NaN
#Horiz WS(m/s): Horizontal Wind Speed in m/s, F8.2, missingdata=-99999999
#Horiz_WD(m/s): Horizontal Direction in Degree, Clockwise from Due North, F8.2, missingdata=-99999999
#Verti_V(m/s): Vertical Velocity in m/s, F7.2, missingdata=-9999999
#Cn2(dB): Atmospheric Refractive index Structure Constant in dB, F7.2, missingdata=-9999999
#Credi: Credibility of Data, I5.3, missingdata=-99999
#-------------------------------------------------------------------
 Height Horiz_WS Horiz_WD Verti_V     Cn2 Credi
   0.10     1.36   227.57    0.41 -171.55    89
   0.25     1.12   291.87    0.28 -172.56   100
   0.40     0.87   329.30    0.36 -172.95    89
   0.55     2.73   310.41    0.46 -173.15    66
   0.70 -99999999 -99999999 -9999999 -173.41 -99999
   0.85 -99999999 -99999999 -9999999 -169.75 -99999
   1.00 -99999999 -99999999 -9999999 -169.75 -99999
   1.15 -99999999 -99999999 -9999999 -161.48 -99999
   1.30     1.66    98.67   -0.48 -152.86    85
   1.45     1.69    96.06   -1.17 -147.50   100
   1.60     1.61    86.63   -1.43 -146.84   100
   1.75     1.36   110.66   -1.83 -146.54   100
   1.90     1.42   115.97   -1.82 -146.54   100
   2.05     1.62   139.77   -1.74 -149.38   100
   2.20     1.72   152.05   -1.65 -154.27    77
   2.35 -99999999 -99999999 -9999999 -154.27 -99999
   2.50 -99999999 -99999999 -9999999 -158.12 -99999
   2.65 -99999999 -99999999 -9999999 -161.21 -99999
   2.80 -99999999 -99999999 -9999999 -173.11 -99999
   2.95 -99999999 -99999999 -9999999 -9999999 -99999
   3.10 -99999999 -99999999 -9999999 -9999999 -99999
   3.25     1.62    28.24    1.89 -9999999    60
   3.40     1.53   319.96    1.37 -9999999    63
   3.55     4.25   266.79    0.60 -9999999    84
   3.70     1.13   253.39    0.50 -9999999    89
   3.85     4.61   180.31   -0.10 -174.96    89
   4.00     5.68   183.10    0.30 -174.56    94
   4.15     1.34   224.06    0.51 -174.68    88
   4.30     0.59    76.62    0.70 -174.91    90
   4.45     1.01   184.48    0.71 -174.64    98
   4.60     1.39   218.74    0.58 -174.25    90
   4.75     1.51   233.95    0.24 -174.28    91
   4.90     2.16   195.24    0.50 -173.91   100
   5.05     2.25   198.34    0.51 -173.77   100
   5.20     1.54   208.91    0.22 -173.77    97
   5.35     3.63   102.99    0.02 -173.86   100
   5.50     0.86   202.18   -0.36 -173.72   100
   5.65     3.80    82.10   -1.01 -173.74   100
   5.80     8.10    86.30   -0.58 -173.79   100
   5.95     8.34    92.36   -0.37 -173.79   100
   6.10     4.46    90.04    0.14 -173.78   100
   6.25     4.70    76.29    0.09 -173.79   100
   6.40     0.43   103.93    0.64 -173.84   100
   6.55     0.55   216.06    0.57 -173.91   100
   6.70    17.15   241.45   -1.83 -173.91   100
   6.85    16.99   244.19   -2.78 -173.97   100
   7.00     8.56   157.24   -1.70 -173.94    95
   7.15     7.56    87.66   -1.40 -173.94    98
   7.30     8.02   152.68   -2.61 -173.76   100
   7.45     7.66    84.86   -1.36 -173.61    98
   7.60     7.59    89.75   -0.43 -173.31   100
   7.75     3.24    91.55    0.13 -173.25    96
   7.90     0.76   284.04    0.69 -172.97   100
   8.05     0.74   270.00    0.70 -172.88   100
   8.20     0.18   270.00    0.63 -172.82   100
   8.35     0.82   296.57    0.69 -172.72   100
   8.50     0.66   326.31    0.67 -172.51   100
   8.65     0.41   333.43    0.67 -172.54   100
   8.80     0.82   333.43    0.65 -172.40   100
   8.95     1.18   308.66    0.71 -172.56   100
   9.10     1.12   350.54    0.67 -172.70   100
   9.25     1.30   351.87    0.65 -173.05   100
   9.40     1.33   326.31    0.69 -173.02   100
   9.55     1.49   330.26    0.65 -173.02   100
   9.70     1.66     0.00    0.51 -172.74   100
   9.85     1.17   341.57    0.53 -172.46   100
  10.00     0.94   348.69    0.57 -172.38   100
  10.15     0.99    21.80    0.55 -172.38   100
  10.30     0.76    14.04    0.61 -172.51   100
  10.45     0.58   341.57    0.65 -172.68   100
  10.60     0.76   345.96    0.67 -172.73   100
  10.75     0.82   296.57    0.77 -172.83   100
  10.90     0.76   284.04    0.75 -172.83   100
  11.05     0.76   284.04    0.75 -172.49   100
  11.20     0.82   296.57    0.73 -172.50   100
  11.35     0.92   306.87    0.71 -172.65   100
  11.50     0.94   348.69    0.57 -172.43   100
  11.65     0.99   338.20    0.59 -172.85   100
  11.80     0.82   333.43    0.61 -172.85   100
  11.95     0.26   315.00    0.61 -172.89   100
  12.10     0.00     0.00    0.69 -172.73   100
  12.25     0.18   270.00    0.71 -172.53   100
  12.40     0.26   315.00    0.61 -172.33   100
  12.55     0.41   333.43    0.57 -172.54   100
  12.70     0.82   333.43    0.53 -172.54   100
  12.85     1.11     0.00    0.45 -172.48   100
  13.00     1.34   344.05    0.45 -172.48   100
  13.15     1.66     0.00    0.41 -172.61   100
  13.30     1.40    23.20    0.39 -172.83   100
  13.45     1.12     9.46    0.57 -172.59   100
  13.60     0.83     0.00    0.68 -172.64   100
  13.75     1.66    90.00    0.72 -173.00    80
  13.90 -99999999 -99999999 -9999999 -9999999 -99999
  14.05 -99999999 -99999999 -9999999 -9999999 -99999
  14.20 -99999999 -99999999 -9999999 -9999999 -99999
  14.35 -99999999 -99999999 -9999999 -9999999 -99999
  14.50 -99999999 -99999999 -9999999 -9999999 -99999
  14.65 -99999999 -99999999 -9999999 -9999999 -99999
  14.80 -99999999 -99999999 -9999999 -9999999 -99999
  14.95 -99999999 -99999999 -9999999 -9999999 -99999
  15.10 -99999999 -99999999 -9999999 -9999999 -99999
  15.25 -99999999 -99999999 -9999999 -9999999 -99999
  15.40 -99999999 -99999999 -9999999 -9999999 -99999
  15.55 -99999999 -99999999 -9999999 -9999999 -99999
  15.70 -99999999 -99999999 -9999999 -9999999 -99999
  15.85 -99999999 -99999999 -9999999 -9999999 -99999
  16.00 -99999999 -99999999 -9999999 -9999999 -99999
  16.15 -99999999 -99999999 -9999999 -9999999 -99999
  16.30 -99999999 -99999999 -9999999 -9999999 -99999
  16.45 -99999999 -99999999 -9999999 -9999999 -99999
  16.60 -99999999 -99999999 -9999999 -9999999 -99999
  16.75 -99999999 -99999999 -9999999 -9999999 -99999
  16.90 -99999999 -99999999 -9999999 -9999999 -99999
  17.05 -99999999 -99999999 -9999999 -9999999 -99999
  17.20 -99999999 -99999999 -9999999 -9999999 -99999
  17.35 -99999999 -99999999 -9999999 -9999999 -99999
  17.50 -99999999 -99999999 -9999999 -9999999 -99999
  17.65 -99999999 -99999999 -9999999 -9999999 -99999
  17.80 -99999999 -99999999 -9999999 -9999999 -99999
  17.95 -99999999 -99999999 -9999999 -9999999 -99999
  18.10 -99999999 -99999999 -9999999 -9999999 -99999
  18.25 -99999999 -99999999 -9999999 -9999999 -99999
  18.40 -99999999 -99999999 -9999999 -9999999 -99999
  18.55 -99999999 -99999999 -9999999 -9999999 -99999
  18.70 -99999999 -99999999 -9999999 -9999999 -99999
  18.85 -99999999 -99999999 -9999999 -9999999 -99999
  19.00 -99999999 -99999999 -9999999 -9999999 -99999
  19.15 -99999999 -99999999 -9999999 -9999999 -99999
  19.30 -99999999 -99999999 -9999999 -9999999 -99999
  19.45 -99999999 -99999999 -9999999 -9999999 -99999
  19.60 -99999999 -99999999 -9999999 -9999999 -99999
  19.75 -99999999 -99999999 -9999999 -9999999 -99999
  19.90 -99999999 -99999999 -9999999 -9999999 -99999
  20.05 -99999999 -99999999 -9999999 -9999999 -99999
  20.20 -99999999 -99999999 -9999999 -9999999 -99999
  20.35 -99999999 -99999999 -9999999 -9999999 -99999
  20.50 -99999999 -99999999 -9999999 -9999999 -99999
  20.65 -99999999 -99999999 -9999999 -9999999 -99999
  20.80 -99999999 -99999999 -9999999 -9999999 -99999
  20.95 -99999999 -99999999 -9999999 -9999999 -99999
  21.10 -99999999 -99999999 -9999999 -9999999 -99999
  21.25 -99999999 -99999999 -9999999 -9999999 -99999
  21.40 -99999999 -99999999 -9999999 -9999999 -99999
  21.55 -99999999 -99999999 -9999999 -9999999 -99999
  21.70 -99999999 -99999999 -9999999 -9999999 -99999
  21.85 -99999999 -99999999 -9999999 -9999999 -99999
  22.00 -99999999 -99999999 -9999999 -9999999 -99999
  22.15 -99999999 -99999999 -9999999 -9999999 -99999
  22.30 -99999999 -99999999 -9999999 -9999999 -99999
  22.45 -99999999 -99999999 -9999999 -9999999 -99999
  22.60 -99999999 -99999999 -9999999 -9999999 -99999
  22.75 -99999999 -99999999 -9999999 -9999999 -99999
  22.90 -99999999 -99999999 -9999999 -9999999 -99999
  23.05 -99999999 -99999999 -9999999 -9999999 -99999
  23.20 -99999999 -99999999 -9999999 -9999999 -99999
  23.35 -99999999 -99999999 -9999999 -9999999 -99999
  23.50 -99999999 -99999999 -9999999 -9999999 -99999
  23.65 -99999999 -99999999 -9999999 -9999999 -99999
  23.80 -99999999 -99999999 -9999999 -9999999 -99999
  23.95 -99999999 -99999999 -9999999 -9999999 -99999
  24.10 -99999999 -99999999 -9999999 -9999999 -99999
  24.25 -99999999 -99999999 -9999999 -9999999 -99999
  24.40 -99999999 -99999999 -9999999 -9999999 -99999
  24.55 -99999999 -99999999 -9999999 -9999999 -99999
  24.70 -99999999 -99999999 -9999999 -9999999 -99999
  24.85 -99999999 -99999999 -9999999 -9999999 -99999
  25.00 -99999999 -99999999 -9999999 -9999999 -99999
  25.15 -99999999 -99999999 -9999999 -9999999 -99999
  25.30 -99999999 -99999999 -9999999 -9999999 -99999
  25.45 -99999999 -99999999 -9999999 -9999999 -99999
  25.60 -99999999 -99999999 -9999999 -9999999 -99999
  25.75 -99999999 -99999999 -9999999 -9999999 -99999
  25.90 -99999999 -99999999 -9999999 -9999999 -99999
  26.05 -99999999 -99999999 -9999999 -9999999 -99999
  26.20 -99999999 -99999999 -9999999 -9999999 -99999
  26.35 -99999999 -99999999 -9999999 -9999999 -99999
  26.50 -99999999 -99999999 -9999999 -9999999 -99999
  26.65 -99999999 -99999999 -9999999 -9999999 -99999
  26.80 -99999999 -99999999 -9999999 -9999999 -99999
  26.95 -99999999 -99999999 -9999999 -9999999 -99999
  27.10 -99999999 -99999999 -9999999 -9999999 -99999
  27.25 -99999999 -99999999 -9999999 -9999999 -99999
  27.40 -99999999 -99999999 -9999999 -9999999 -99999
  27.55 -99999999 -99999999 -9999999 -9999999 -99999
  27.70 -99999999 -99999999 -9999999 -9999999 -99999
  27.85 -99999999 -99999999 -9999999 -9999999 -99999
  28.00 -99999999 -99999999 -9999999 -9999999 -99999
  28.15 -99999999 -99999999 -9999999 -9999999 -99999
  28.30 -99999999 -99999999 -9999999 -9999999 -99999
  28.45 -99999999 -99999999 -9999999 -9999999 -99999
  28.60 -99999999 -99999999 -9999999 -9999999 -99999
  28.75 -99999999 -99999999 -9999999 -9999999 -99999
  28.90 -99999999 -99999999 -9999999 -9999999 -99999
  29.05 -99999999 -99999999 -9999999 -9999999 -99999
  29.20 -99999999 -99999999 -9999999 -9999999 -99999
  29.35 -99999999 -99999999 -9999999 -9999999 -99999
  29.50 -99999999 -99999999 -9999999 -9999999 -99999
  29.65 -99999999 -99999999 -9999999 -9999999 -99999
  29.80 -99999999 -99999999 -9999999 -9999999 -99999
  29.95 -99999999 -99999999 -9999999 -9999999 -99999
