#DataName: Atmospheric Wind and Refractive Index Structure Constant
#CopyRight: Chinese Meridian Project
#Station: OQZQB(108.66E,22.10N,23m)
#Instrument: MST Radar
#Producer: Wuhan University
#FileCreateTime: 2024-04-10T18:15:42
#DataLevel: L2
#DataVersion: V01.00
#DataStartTime: 2024-04-10T18:00:00.000
#DataEndTime: 2024-04-10T18:15:17.000
#RecordNumber: 160
#QualityFlag: 1(1:Okay,2:Caution,3:No-Recommend)
#DeviceState: TansInputPower=800kW, WellRAntennaNum=1261, WellTAntennaNum=997
#DeviceSpec: Freq=50.00MHz, PkPower=1994kW, RAntennaNum=1261, TAntennaNum=997, BeamWidth=4.5deg, Rband=1.0MHz
#ObsParameters: PlsWidth=8.00us, PlsCode=8-bit Complementary, PRF=781.25Hz, PlsAccum=4, Range=192km, GateNum=160, Rmin=300m, EleAngle=15.0deg, BeamOrder=SZNEW, nFFT=1024, SpAverage=8
#Height(km): The Height Level of the Wind Data, F7.2, missingdata=NaN
#Horiz WS(m/s): Horizontal Wind Speed in m/s, F8.2, missingdata=-99999999
#Horiz_WD(m/s): Horizontal Direction in Degree, Clockwise from Due North, F8.2, missingdata=-99999999
#Verti_V(m/s): Vertical Velocity in m/s, F7.2, missingdata=-9999999
#Cn2(dB): Atmospheric Refractive index Structure Constant in dB, F7.2, missingdata=-9999999
#Credi: Credibility of Data, I5.3, missingdata=-99999
#-------------------------------------------------------------------
 Height Horiz_WS Horiz_WD Verti_V     Cn2 Credi
   0.30     0.13   101.74   -0.13 -178.92    80
   1.50     0.13   101.74   -0.06 -163.78   100
   2.70     3.08   177.63    0.30 -155.31    80
   3.90     7.33   183.01    0.14 -150.27    73
   5.10 -99999999 -99999999 -9999999 -150.27 -99999
   6.30    10.14   222.20    0.05 -151.81    73
   7.50    10.52   256.91    0.66 -152.59    85
   8.70    10.52   256.82    0.66 -152.90   100
   9.90    14.90   261.36    0.16 -153.43    94
  11.10    23.72   258.68    0.36 -153.72    80
  12.30    34.46   256.59    0.53 -155.38    85
  13.50    35.39   253.79    0.29 -157.24   100
  14.70    34.74   255.53    0.18 -158.26   100
  15.90    31.48   256.74   -0.16 -159.85   100
  17.10    25.29   256.41   -0.28 -159.38   100
  18.30    17.71   251.37   -0.27 -161.19   100
  19.50    11.54   244.46   -0.38 -162.89   100
  20.70     7.78   229.84   -0.36 -164.90   100
  21.90     4.48   205.17   -0.33 -167.06   100
  23.10     0.71   133.80   -0.27 -167.06   100
  24.30     3.76    38.33   -0.02 -168.68   100
  25.50     6.79    48.79    0.38 -170.75    82
  26.70     9.37    47.72    0.38 -9999999    57
  27.90    14.14    62.53    0.23 -9999999    60
  29.10 -99999999 -99999999 -9999999 -9999999 -99999
  30.30 -99999999 -99999999 -9999999 -9999999 -99999
  31.50 -99999999 -99999999 -9999999 -9999999 -99999
  32.70 -99999999 -99999999 -9999999 -9999999 -99999
  33.90 -99999999 -99999999 -9999999 -9999999 -99999
  35.10 -99999999 -99999999 -9999999 -9999999 -99999
  36.30 -99999999 -99999999 -9999999 -9999999 -99999
  37.50 -99999999 -99999999 -9999999 -9999999 -99999
  38.70 -99999999 -99999999 -9999999 -9999999 -99999
  39.90 -99999999 -99999999 -9999999 -9999999 -99999
  41.10 -99999999 -99999999 -9999999 -9999999 -99999
  42.30 -99999999 -99999999 -9999999 -9999999 -99999
  43.50 -99999999 -99999999 -9999999 -9999999 -99999
  44.70 -99999999 -99999999 -9999999 -9999999 -99999
  45.90 -99999999 -99999999 -9999999 -9999999 -99999
  47.10 -99999999 -99999999 -9999999 -9999999 -99999
  48.30 -99999999 -99999999 -9999999 -9999999 -99999
  49.50 -99999999 -99999999 -9999999 -9999999 -99999
  50.70 -99999999 -99999999 -9999999 -9999999 -99999
  51.90 -99999999 -99999999 -9999999 -9999999 -99999
  53.10 -99999999 -99999999 -9999999 -9999999 -99999
  54.30 -99999999 -99999999 -9999999 -9999999 -99999
  55.50 -99999999 -99999999 -9999999 -9999999 -99999
  56.70 -99999999 -99999999 -9999999 -9999999 -99999
  57.90 -99999999 -99999999 -9999999 -9999999 -99999
  59.10 -99999999 -99999999 -9999999 -9999999 -99999
  60.30 -99999999 -99999999 -9999999 -9999999 -99999
  61.50 -99999999 -99999999 -9999999 -9999999 -99999
  62.70 -99999999 -99999999 -9999999 -9999999 -99999
  63.90 -99999999 -99999999 -9999999 -9999999 -99999
  65.10 -99999999 -99999999 -9999999 -9999999 -99999
  66.30 -99999999 -99999999 -9999999 -9999999 -99999
  67.50 -99999999 -99999999 -9999999 -9999999 -99999
  68.70 -99999999 -99999999 -9999999 -9999999 -99999
  69.90 -99999999 -99999999 -9999999 -9999999 -99999
  71.10 -99999999 -99999999 -9999999 -9999999 -99999
  72.30 -99999999 -99999999 -9999999 -9999999 -99999
  73.50 -99999999 -99999999 -9999999 -9999999 -99999
  74.70 -99999999 -99999999 -9999999 -9999999 -99999
  75.90 -99999999 -99999999 -9999999 -9999999 -99999
  77.10 -99999999 -99999999 -9999999 -9999999 -99999
  78.30 -99999999 -99999999 -9999999 -9999999 -99999
  79.50 -99999999 -99999999 -9999999 -9999999 -99999
  80.70 -99999999 -99999999 -9999999 -9999999 -99999
  81.90 -99999999 -99999999 -9999999 -9999999 -99999
  83.10 -99999999 -99999999 -9999999 -9999999 -99999
  84.30 -99999999 -99999999 -9999999 -9999999 -99999
  85.50 -99999999 -99999999 -9999999 -9999999 -99999
  86.70 -99999999 -99999999 -9999999 -9999999 -99999
  87.90    77.47    39.38    0.05 -9999999    60
  89.10 -99999999 -99999999 -9999999 -9999999 -99999
  90.30    74.18    40.70    2.02 -9999999    50
  91.50    70.68    43.83    1.11 -9999999    76
  92.70    61.56    68.24   -3.97 -9999999    84
  93.90    65.88   110.82  -10.42 -9999999    49
  95.10   159.94   157.36    0.08 -9999999    48
  96.30 -99999999 -99999999 -9999999 -9999999 -99999
  97.50   104.55   251.56  -25.81 -9999999    40
  98.70 -99999999 -99999999 -9999999 -9999999 -99999
  99.90 -99999999 -99999999 -9999999 -9999999 -99999
 101.10 -99999999 -99999999 -9999999 -9999999 -99999
 102.30 -99999999 -99999999 -9999999 -9999999 -99999
 103.50 -99999999 -99999999 -9999999 -9999999 -99999
 104.70 -99999999 -99999999 -9999999 -9999999 -99999
 105.90 -99999999 -99999999 -9999999 -9999999 -99999
 107.10 -99999999 -99999999 -9999999 -9999999 -99999
 108.30 -99999999 -99999999 -9999999 -9999999 -99999
 109.50 -99999999 -99999999 -9999999 -9999999 -99999
 110.70 -99999999 -99999999 -9999999 -9999999 -99999
 111.90 -99999999 -99999999 -9999999 -9999999 -99999
 113.10 -99999999 -99999999 -9999999 -9999999 -99999
 114.30 -99999999 -99999999 -9999999 -9999999 -99999
 115.50 -99999999 -99999999 -9999999 -9999999 -99999
 116.70 -99999999 -99999999 -9999999 -9999999 -99999
 117.90 -99999999 -99999999 -9999999 -9999999 -99999
 119.10 -99999999 -99999999 -9999999 -9999999 -99999
 120.30 -99999999 -99999999 -9999999 -9999999 -99999
 121.50 -99999999 -99999999 -9999999 -9999999 -99999
 122.70 -99999999 -99999999 -9999999 -9999999 -99999
 123.90 -99999999 -99999999 -9999999 -9999999 -99999
 125.10 -99999999 -99999999 -9999999 -9999999 -99999
 126.30 -99999999 -99999999 -9999999 -9999999 -99999
 127.50 -99999999 -99999999 -9999999 -9999999 -99999
 128.70 -99999999 -99999999 -9999999 -9999999 -99999
 129.90 -99999999 -99999999 -9999999 -9999999 -99999
 131.10 -99999999 -99999999 -9999999 -9999999 -99999
 132.30 -99999999 -99999999 -9999999 -172.88 -99999
 133.50 -99999999 -99999999 -9999999 -172.88 -99999
 134.70 -99999999 -99999999 -9999999 -172.88 -99999
 135.90 -99999999 -99999999 -9999999 -172.88 -99999
 137.10 -99999999 -99999999 -9999999 -9999999 -99999
 138.30 -99999999 -99999999 -9999999 -9999999 -99999
 139.50 -99999999 -99999999 -9999999 -9999999 -99999
 140.70 -99999999 -99999999 -9999999 -9999999 -99999
 141.90 -99999999 -99999999 -9999999 -9999999 -99999
 143.10 -99999999 -99999999 -9999999 -9999999 -99999
 144.30 -99999999 -99999999 -9999999 -9999999 -99999
 145.50 -99999999 -99999999 -9999999 -9999999 -99999
 146.70 -99999999 -99999999 -9999999 -9999999 -99999
 147.90 -99999999 -99999999 -9999999 -9999999 -99999
 149.10 -99999999 -99999999 -9999999 -9999999 -99999
 150.30 -99999999 -99999999 -9999999 -9999999 -99999
 151.50 -99999999 -99999999 -9999999 -9999999 -99999
 152.70 -99999999 -99999999 -9999999 -9999999 -99999
 153.90 -99999999 -99999999 -9999999 -9999999 -99999
 155.10 -99999999 -99999999 -9999999 -9999999 -99999
 156.30 -99999999 -99999999 -9999999 -9999999 -99999
 157.50 -99999999 -99999999 -9999999 -9999999 -99999
 158.70 -99999999 -99999999 -9999999 -9999999 -99999
 159.90 -99999999 -99999999 -9999999 -9999999 -99999
 161.10 -99999999 -99999999 -9999999 -9999999 -99999
 162.30 -99999999 -99999999 -9999999 -9999999 -99999
 163.50 -99999999 -99999999 -9999999 -9999999 -99999
 164.70 -99999999 -99999999 -9999999 -9999999 -99999
 165.90 -99999999 -99999999 -9999999 -9999999 -99999
 167.10 -99999999 -99999999 -9999999 -9999999 -99999
 168.30 -99999999 -99999999 -9999999 -9999999 -99999
 169.50 -99999999 -99999999 -9999999 -9999999 -99999
 170.70 -99999999 -99999999 -9999999 -9999999 -99999
 171.90 -99999999 -99999999 -9999999 -9999999 -99999
 173.10 -99999999 -99999999 -9999999 -9999999 -99999
 174.30 -99999999 -99999999 -9999999 -9999999 -99999
 175.50 -99999999 -99999999 -9999999 -9999999 -99999
 176.70 -99999999 -99999999 -9999999 -9999999 -99999
 177.90 -99999999 -99999999 -9999999 -9999999 -99999
 179.10 -99999999 -99999999 -9999999 -9999999 -99999
 180.30 -99999999 -99999999 -9999999 -9999999 -99999
 181.50 -99999999 -99999999 -9999999 -9999999 -99999
 182.70 -99999999 -99999999 -9999999 -9999999 -99999
 183.90 -99999999 -99999999 -9999999 -9999999 -99999
 185.10 -99999999 -99999999 -9999999 -9999999 -99999
 186.30 -99999999 -99999999 -9999999 -9999999 -99999
 187.50 -99999999 -99999999 -9999999 -9999999 -99999
 188.70 -99999999 -99999999 -9999999 -9999999 -99999
 189.90 -99999999 -99999999 -9999999 -9999999 -99999
 191.10 -99999999 -99999999 -9999999 -9999999 -99999
