#DataName: Atmospheric Wind and Refractive Index Structure Constant
#CopyRight: Chinese Meridian Project
#Station: OQZQB(108.66E,22.10N,23m)
#Instrument: MST Radar
#Producer: Wuhan University
#FileCreateTime: 2024-04-03T15:45:03
#DataLevel: L2
#DataVersion: V01.00
#DataStartTime: 2024-04-03T15:30:00.000
#DataEndTime: 2024-04-03T15:44:36.000
#RecordNumber: 100
#QualityFlag: 1(1:Okay,2:Caution,3:No-Recommend)
#DeviceState: TansInputPower=800kW, WellRAntennaNum=1261, WellTAntennaNum=997
#DeviceSpec: Freq=50.00MHz, PkPower=1994kW, RAntennaNum=1261, TAntennaNum=997, BeamWidth=4.5deg, Rband=1.0MHz
#ObsParameters: PlsWidth=4.00us, PlsCode=8-bit Complementary, PRF=2500.00Hz, PlsAccum=26, Range=60km, GateNum=100, Rmin=300m, EleAngle=15.0deg, BeamOrder=SZNEW, nFFT=512, SpAverage=8
#Height(km): The Height Level of the Wind Data, F7.2, missingdata=NaN
#Horiz WS(m/s): Horizontal Wind Speed in m/s, F8.2, missingdata=-99999999
#Horiz_WD(m/s): Horizontal Direction in Degree, Clockwise from Due North, F8.2, missingdata=-99999999
#Verti_V(m/s): Vertical Velocity in m/s, F7.2, missingdata=-9999999
#Cn2(dB): Atmospheric Refractive index Structure Constant in dB, F7.2, missingdata=-9999999
#Credi: Credibility of Data, I5.3, missingdata=-99999
#-------------------------------------------------------------------
 Height Horiz_WS Horiz_WD Verti_V     Cn2 Credi
   0.30    17.17    47.46    0.12 -152.29   100
   0.90     0.08   250.34   -0.07 -145.08   100
   1.50    10.66   233.13   -0.16 -138.94   100
   2.10    15.64   235.09   -0.15 -135.29   100
   2.70    15.95   235.78   -0.16 -134.13   100
   3.30    15.64   242.26   -0.22 -133.50   100
   3.90    16.26   247.67   -0.34 -132.89   100
   4.50    17.51   250.62   -0.42 -133.66   100
   5.10    18.29   255.21   -0.56 -134.85   100
   5.70    19.32   259.36   -0.57 -136.68   100
   6.30    20.20   262.36   -0.60 -140.25   100
   6.90    21.33   270.04   -0.55 -141.93   100
   7.50    22.52   273.54   -0.47 -143.02   100
   8.10    23.90   273.33   -0.42 -143.36   100
   8.70    24.81   272.77   -0.41 -146.85   100
   9.30    26.12   271.24   -0.34 -150.91    94
   9.90    27.14   271.02   -0.29 -152.77    94
  10.50    27.45   271.07   -0.22 -155.94    94
  11.10    28.70   269.36   -0.06 -154.54   100
  11.70    30.44   269.12   -0.05 -152.67   100
  12.30    32.28   267.90   -0.16 -150.26   100
  12.90    35.09   266.14   -0.15 -151.02   100
  13.50    35.47   265.87   -0.19 -149.44   100
  14.10    35.55   264.91   -0.20 -152.61    94
  14.70    35.02   265.49   -0.25 -146.22    94
  15.30    33.01   266.49   -0.49 -149.61    94
  15.90    31.39   269.07   -0.51 -154.21   100
  16.50    26.79   268.21   -0.49 -160.52   100
  17.10    21.91   269.58   -0.47 -163.52   100
  17.70    18.55   249.24    0.31 -163.52   100
  18.30    21.38   221.04    1.26 -162.13   100
  18.90    20.41   215.56    1.34 -159.97   100
  19.50    26.16   199.94    2.14 -158.68   100
  20.10    21.39   200.83    1.41 -158.68   100
  20.70    14.84   209.01    0.51 -161.34   100
  21.30    14.17   203.69    0.50 -165.25   100
  21.90    13.49   195.96    0.51 -168.73   100
  22.50     6.32   201.33   -0.07 -171.22    87
  23.10     5.27   183.55    0.02 -171.96   100
  23.70     5.36   162.52    0.07 -171.34    79
  24.30     6.72   145.33   -0.12 -170.23    80
  24.90     6.60   154.10   -0.12 -171.35    73
  25.50 -99999999 -99999999 -9999999 -9999999 -99999
  26.10 -99999999 -99999999 -9999999 -9999999 -99999
  26.70 -99999999 -99999999 -9999999 -9999999 -99999
  27.30 -99999999 -99999999 -9999999 -9999999 -99999
  27.90 -99999999 -99999999 -9999999 -9999999 -99999
  28.50 -99999999 -99999999 -9999999 -9999999 -99999
  29.10 -99999999 -99999999 -9999999 -9999999 -99999
  29.70 -99999999 -99999999 -9999999 -9999999 -99999
  30.30 -99999999 -99999999 -9999999 -9999999 -99999
  30.90 -99999999 -99999999 -9999999 -9999999 -99999
  31.50 -99999999 -99999999 -9999999 -9999999 -99999
  32.10 -99999999 -99999999 -9999999 -9999999 -99999
  32.70 -99999999 -99999999 -9999999 -9999999 -99999
  33.30 -99999999 -99999999 -9999999 -9999999 -99999
  33.90 -99999999 -99999999 -9999999 -9999999 -99999
  34.50 -99999999 -99999999 -9999999 -9999999 -99999
  35.10 -99999999 -99999999 -9999999 -9999999 -99999
  35.70 -99999999 -99999999 -9999999 -9999999 -99999
  36.30 -99999999 -99999999 -9999999 -9999999 -99999
  36.90 -99999999 -99999999 -9999999 -9999999 -99999
  37.50 -99999999 -99999999 -9999999 -9999999 -99999
  38.10 -99999999 -99999999 -9999999 -9999999 -99999
  38.70 -99999999 -99999999 -9999999 -9999999 -99999
  39.30 -99999999 -99999999 -9999999 -9999999 -99999
  39.90 -99999999 -99999999 -9999999 -9999999 -99999
  40.50 -99999999 -99999999 -9999999 -9999999 -99999
  41.10 -99999999 -99999999 -9999999 -9999999 -99999
  41.70 -99999999 -99999999 -9999999 -9999999 -99999
  42.30 -99999999 -99999999 -9999999 -9999999 -99999
  42.90 -99999999 -99999999 -9999999 -9999999 -99999
  43.50 -99999999 -99999999 -9999999 -9999999 -99999
  44.10 -99999999 -99999999 -9999999 -9999999 -99999
  44.70 -99999999 -99999999 -9999999 -9999999 -99999
  45.30 -99999999 -99999999 -9999999 -9999999 -99999
  45.90 -99999999 -99999999 -9999999 -9999999 -99999
  46.50 -99999999 -99999999 -9999999 -9999999 -99999
  47.10 -99999999 -99999999 -9999999 -9999999 -99999
  47.70 -99999999 -99999999 -9999999 -9999999 -99999
  48.30 -99999999 -99999999 -9999999 -9999999 -99999
  48.90 -99999999 -99999999 -9999999 -9999999 -99999
  49.50 -99999999 -99999999 -9999999 -9999999 -99999
  50.10 -99999999 -99999999 -9999999 -9999999 -99999
  50.70 -99999999 -99999999 -9999999 -9999999 -99999
  51.30 -99999999 -99999999 -9999999 -9999999 -99999
  51.90 -99999999 -99999999 -9999999 -9999999 -99999
  52.50 -99999999 -99999999 -9999999 -9999999 -99999
  53.10 -99999999 -99999999 -9999999 -9999999 -99999
  53.70 -99999999 -99999999 -9999999 -9999999 -99999
  54.30 -99999999 -99999999 -9999999 -9999999 -99999
  54.90 -99999999 -99999999 -9999999 -9999999 -99999
  55.50 -99999999 -99999999 -9999999 -9999999 -99999
  56.10 -99999999 -99999999 -9999999 -9999999 -99999
  56.70 -99999999 -99999999 -9999999 -9999999 -99999
  57.30 -99999999 -99999999 -9999999 -9999999 -99999
  57.90 -99999999 -99999999 -9999999 -9999999 -99999
  58.50 -99999999 -99999999 -9999999 -9999999 -99999
  59.10 -99999999 -99999999 -9999999 -9999999 -99999
  59.70 -99999999 -99999999 -9999999 -9999999 -99999
