#DataName: Atmospheric Wind and Refractive Index Structure Constant
#CopyRight: Chinese Meridian Project
#Station: OQZQB(108.66E,22.10N,23m)
#Instrument: MST Radar
#Producer: Wuhan University
#FileCreateTime: 2024-04-14T15:46:33
#DataLevel: L2
#DataVersion: V01.00
#DataStartTime: 2024-04-14T15:30:00.000
#DataEndTime: 2024-04-14T15:46:06.000
#RecordNumber: 200
#QualityFlag: 1(1:Okay,2:Caution,3:No-Recommend)
#DeviceState: TansInputPower=800kW, WellRAntennaNum=1261, WellTAntennaNum=997
#DeviceSpec: Freq=50.00MHz, PkPower=1994kW, RAntennaNum=1261, TAntennaNum=997, BeamWidth=4.5deg, Rband=1.0MHz
#ObsParameters: PlsWidth=8.00us, PlsCode=8-bit Complementary, PRF=625.00Hz, PlsAccum=4, Range=240km, GateNum=200, Rmin=300m, EleAngle=15.0deg, BeamOrder=SZNEW, nFFT=1024, SpAverage=8
#Height(km): The Height Level of the Wind Data, F7.2, missingdata=NaN
#Horiz WS(m/s): Horizontal Wind Speed in m/s, F8.2, missingdata=-99999999
#Horiz_WD(m/s): Horizontal Direction in Degree, Clockwise from Due North, F8.2, missingdata=-99999999
#Verti_V(m/s): Vertical Velocity in m/s, F7.2, missingdata=-9999999
#Cn2(dB): Atmospheric Refractive index Structure Constant in dB, F7.2, missingdata=-9999999
#Credi: Credibility of Data, I5.3, missingdata=-99999
#-------------------------------------------------------------------
 Height Horiz_WS Horiz_WD Verti_V     Cn2 Credi
   0.30     1.68   310.18    0.24 -158.25    78
   1.50 -99999999 -99999999 -9999999 -164.19 -99999
   2.70     3.97   263.87    0.27 -166.09    94
   3.90     7.60   263.74    0.12 -165.90   100
   5.10    10.60   261.09   -0.13 -161.96   100
   6.30    17.84   313.85   -1.92 -156.44    85
   7.50    18.74   311.32   -1.79 -153.24   100
   8.70    18.71   310.61   -1.75 -152.94    82
   9.90    14.49   258.95   -0.22 -152.92   100
  11.10    16.92   237.45   -0.89 -153.79   100
  12.30    16.75   238.36   -0.85 -154.51   100
  13.50    16.81   237.23   -0.89 -154.67   100
  14.70    27.41   211.16   -2.34 -155.54   100
  15.90    28.60   213.14   -2.30 -157.60   100
  17.10    24.62   219.29   -1.72 -159.49   100
  18.30    35.89   204.79   -3.20 -161.59   100
  19.50    47.33   195.22   -4.66 -162.97   100
  20.70    47.04   191.48   -4.65 -164.91   100
  21.90    47.03   185.68   -4.77 -167.71   100
  23.10    47.65   186.11   -4.91 -169.78    88
  24.30    47.66   185.40   -4.51 -172.10    71
  25.50    47.67   185.13   -4.15 -172.12    79
  26.70    44.47   184.57   -3.79 -173.06    78
  27.90    44.05   183.61   -3.80 -172.07    85
  29.10 -99999999 -99999999 -9999999 -173.06 -99999
  30.30 -99999999 -99999999 -9999999 -172.69 -99999
  31.50 -99999999 -99999999 -9999999 -174.14 -99999
  32.70 -99999999 -99999999 -9999999 -9999999 -99999
  33.90 -99999999 -99999999 -9999999 -9999999 -99999
  35.10 -99999999 -99999999 -9999999 -9999999 -99999
  36.30 -99999999 -99999999 -9999999 -9999999 -99999
  37.50 -99999999 -99999999 -9999999 -9999999 -99999
  38.70 -99999999 -99999999 -9999999 -9999999 -99999
  39.90 -99999999 -99999999 -9999999 -9999999 -99999
  41.10 -99999999 -99999999 -9999999 -9999999 -99999
  42.30 -99999999 -99999999 -9999999 -9999999 -99999
  43.50 -99999999 -99999999 -9999999 -9999999 -99999
  44.70 -99999999 -99999999 -9999999 -9999999 -99999
  45.90 -99999999 -99999999 -9999999 -9999999 -99999
  47.10 -99999999 -99999999 -9999999 -9999999 -99999
  48.30 -99999999 -99999999 -9999999 -9999999 -99999
  49.50 -99999999 -99999999 -9999999 -9999999 -99999
  50.70 -99999999 -99999999 -9999999 -9999999 -99999
  51.90 -99999999 -99999999 -9999999 -9999999 -99999
  53.10 -99999999 -99999999 -9999999 -9999999 -99999
  54.30 -99999999 -99999999 -9999999 -9999999 -99999
  55.50 -99999999 -99999999 -9999999 -9999999 -99999
  56.70 -99999999 -99999999 -9999999 -9999999 -99999
  57.90 -99999999 -99999999 -9999999 -9999999 -99999
  59.10 -99999999 -99999999 -9999999 -9999999 -99999
  60.30 -99999999 -99999999 -9999999 -9999999 -99999
  61.50 -99999999 -99999999 -9999999 -9999999 -99999
  62.70 -99999999 -99999999 -9999999 -9999999 -99999
  63.90 -99999999 -99999999 -9999999 -9999999 -99999
  65.10 -99999999 -99999999 -9999999 -9999999 -99999
  66.30 -99999999 -99999999 -9999999 -9999999 -99999
  67.50 -99999999 -99999999 -9999999 -9999999 -99999
  68.70 -99999999 -99999999 -9999999 -9999999 -99999
  69.90 -99999999 -99999999 -9999999 -9999999 -99999
  71.10 -99999999 -99999999 -9999999 -9999999 -99999
  72.30 -99999999 -99999999 -9999999 -9999999 -99999
  73.50 -99999999 -99999999 -9999999 -9999999 -99999
  74.70 -99999999 -99999999 -9999999 -9999999 -99999
  75.90 -99999999 -99999999 -9999999 -172.39 -99999
  77.10 -99999999 -99999999 -9999999 -172.39 -99999
  78.30 -99999999 -99999999 -9999999 -172.39 -99999
  79.50 -99999999 -99999999 -9999999 -9999999 -99999
  80.70 -99999999 -99999999 -9999999 -9999999 -99999
  81.90 -99999999 -99999999 -9999999 -9999999 -99999
  83.10 -99999999 -99999999 -9999999 -9999999 -99999
  84.30 -99999999 -99999999 -9999999 -175.59 -99999
  85.50 -99999999 -99999999 -9999999 -175.58 -99999
  86.70   104.52   284.75   27.84 -175.58    67
  87.90    58.53   297.04   26.09 -175.58    13
  89.10   232.87   227.17   57.87 -175.57    25
  90.30    62.74    97.89   17.76 -9999999    38
  91.50    64.59    95.72   17.91 -9999999    55
  92.70    97.39    57.65    8.80 -9999999    68
  93.90   105.55    61.94   -1.87 -9999999    78
  95.10   101.05    72.54   -4.90 -9999999    57
  96.30    71.00    78.24  -13.57 -9999999    66
  97.50    95.98   150.45   12.68 -174.42    66
  98.70    89.72   172.06    5.35 -9999999    66
  99.90    71.93   170.08    5.35 -172.58    64
 101.10   160.96   175.58   25.82 -172.58    78
 102.30    84.40   171.56    5.35 -172.58    66
 103.50 -99999999 -99999999 -9999999 -9999999 -99999
 104.70 -99999999 -99999999 -9999999 -9999999 -99999
 105.90 -99999999 -99999999 -9999999 -9999999 -99999
 107.10 -99999999 -99999999 -9999999 -9999999 -99999
 108.30 -99999999 -99999999 -9999999 -9999999 -99999
 109.50 -99999999 -99999999 -9999999 -9999999 -99999
 110.70 -99999999 -99999999 -9999999 -9999999 -99999
 111.90 -99999999 -99999999 -9999999 -9999999 -99999
 113.10 -99999999 -99999999 -9999999 -9999999 -99999
 114.30 -99999999 -99999999 -9999999 -9999999 -99999
 115.50 -99999999 -99999999 -9999999 -9999999 -99999
 116.70 -99999999 -99999999 -9999999 -9999999 -99999
 117.90 -99999999 -99999999 -9999999 -9999999 -99999
 119.10 -99999999 -99999999 -9999999 -9999999 -99999
 120.30 -99999999 -99999999 -9999999 -9999999 -99999
 121.50 -99999999 -99999999 -9999999 -9999999 -99999
 122.70 -99999999 -99999999 -9999999 -9999999 -99999
 123.90 -99999999 -99999999 -9999999 -175.35 -99999
 125.10   130.35   354.13   37.44 -175.49    44
 126.30   107.17   323.63   24.90 -175.47    50
 127.50    94.15   336.43   21.43 -175.54    61
 128.70   167.17   357.73   41.20 -175.52    65
 129.90   239.08   352.00   50.09 -175.52     8
 131.10   221.21    11.70   38.02 -175.49    45
 132.30   236.32    22.96   38.28 -175.57    42
 133.50   169.84     7.12   45.16 -175.44    41
 134.70 -99999999 -99999999 -9999999 -175.31 -99999
 135.90 -99999999 -99999999 -9999999 -175.31 -99999
 137.10 -99999999 -99999999 -9999999 -175.31 -99999
 138.30 -99999999 -99999999 -9999999 -9999999 -99999
 139.50 -99999999 -99999999 -9999999 -9999999 -99999
 140.70 -99999999 -99999999 -9999999 -9999999 -99999
 141.90 -99999999 -99999999 -9999999 -9999999 -99999
 143.10 -99999999 -99999999 -9999999 -9999999 -99999
 144.30 -99999999 -99999999 -9999999 -9999999 -99999
 145.50 -99999999 -99999999 -9999999 -9999999 -99999
 146.70 -99999999 -99999999 -9999999 -9999999 -99999
 147.90 -99999999 -99999999 -9999999 -9999999 -99999
 149.10 -99999999 -99999999 -9999999 -9999999 -99999
 150.30 -99999999 -99999999 -9999999 -9999999 -99999
 151.50 -99999999 -99999999 -9999999 -9999999 -99999
 152.70 -99999999 -99999999 -9999999 -9999999 -99999
 153.90 -99999999 -99999999 -9999999 -9999999 -99999
 155.10 -99999999 -99999999 -9999999 -9999999 -99999
 156.30 -99999999 -99999999 -9999999 -9999999 -99999
 157.50 -99999999 -99999999 -9999999 -9999999 -99999
 158.70 -99999999 -99999999 -9999999 -9999999 -99999
 159.90 -99999999 -99999999 -9999999 -9999999 -99999
 161.10 -99999999 -99999999 -9999999 -9999999 -99999
 162.30 -99999999 -99999999 -9999999 -9999999 -99999
 163.50 -99999999 -99999999 -9999999 -9999999 -99999
 164.70 -99999999 -99999999 -9999999 -9999999 -99999
 165.90 -99999999 -99999999 -9999999 -9999999 -99999
 167.10 -99999999 -99999999 -9999999 -9999999 -99999
 168.30 -99999999 -99999999 -9999999 -9999999 -99999
 169.50 -99999999 -99999999 -9999999 -9999999 -99999
 170.70 -99999999 -99999999 -9999999 -9999999 -99999
 171.90 -99999999 -99999999 -9999999 -9999999 -99999
 173.10 -99999999 -99999999 -9999999 -9999999 -99999
 174.30 -99999999 -99999999 -9999999 -9999999 -99999
 175.50 -99999999 -99999999 -9999999 -9999999 -99999
 176.70 -99999999 -99999999 -9999999 -9999999 -99999
 177.90 -99999999 -99999999 -9999999 -9999999 -99999
 179.10 -99999999 -99999999 -9999999 -9999999 -99999
 180.30 -99999999 -99999999 -9999999 -9999999 -99999
 181.50 -99999999 -99999999 -9999999 -9999999 -99999
 182.70 -99999999 -99999999 -9999999 -9999999 -99999
 183.90 -99999999 -99999999 -9999999 -9999999 -99999
 185.10 -99999999 -99999999 -9999999 -9999999 -99999
 186.30 -99999999 -99999999 -9999999 -9999999 -99999
 187.50 -99999999 -99999999 -9999999 -9999999 -99999
 188.70 -99999999 -99999999 -9999999 -9999999 -99999
 189.90 -99999999 -99999999 -9999999 -9999999 -99999
 191.10 -99999999 -99999999 -9999999 -9999999 -99999
 192.30 -99999999 -99999999 -9999999 -9999999 -99999
 193.50 -99999999 -99999999 -9999999 -9999999 -99999
 194.70 -99999999 -99999999 -9999999 -9999999 -99999
 195.90 -99999999 -99999999 -9999999 -9999999 -99999
 197.10 -99999999 -99999999 -9999999 -9999999 -99999
 198.30 -99999999 -99999999 -9999999 -9999999 -99999
 199.50 -99999999 -99999999 -9999999 -9999999 -99999
 200.70 -99999999 -99999999 -9999999 -9999999 -99999
 201.90 -99999999 -99999999 -9999999 -9999999 -99999
 203.10 -99999999 -99999999 -9999999 -9999999 -99999
 204.30 -99999999 -99999999 -9999999 -9999999 -99999
 205.50 -99999999 -99999999 -9999999 -9999999 -99999
 206.70 -99999999 -99999999 -9999999 -9999999 -99999
 207.90 -99999999 -99999999 -9999999 -9999999 -99999
 209.10 -99999999 -99999999 -9999999 -9999999 -99999
 210.30 -99999999 -99999999 -9999999 -9999999 -99999
 211.50 -99999999 -99999999 -9999999 -9999999 -99999
 212.70 -99999999 -99999999 -9999999 -9999999 -99999
 213.90 -99999999 -99999999 -9999999 -9999999 -99999
 215.10 -99999999 -99999999 -9999999 -9999999 -99999
 216.30 -99999999 -99999999 -9999999 -9999999 -99999
 217.50 -99999999 -99999999 -9999999 -9999999 -99999
 218.70 -99999999 -99999999 -9999999 -9999999 -99999
 219.90 -99999999 -99999999 -9999999 -9999999 -99999
 221.10 -99999999 -99999999 -9999999 -9999999 -99999
 222.30 -99999999 -99999999 -9999999 -9999999 -99999
 223.50 -99999999 -99999999 -9999999 -9999999 -99999
 224.70 -99999999 -99999999 -9999999 -9999999 -99999
 225.90 -99999999 -99999999 -9999999 -9999999 -99999
 227.10 -99999999 -99999999 -9999999 -9999999 -99999
 228.30 -99999999 -99999999 -9999999 -9999999 -99999
 229.50 -99999999 -99999999 -9999999 -9999999 -99999
 230.70 -99999999 -99999999 -9999999 -9999999 -99999
 231.90 -99999999 -99999999 -9999999 -9999999 -99999
 233.10 -99999999 -99999999 -9999999 -9999999 -99999
 234.30 -99999999 -99999999 -9999999 -9999999 -99999
 235.50 -99999999 -99999999 -9999999 -9999999 -99999
 236.70 -99999999 -99999999 -9999999 -9999999 -99999
 237.90 -99999999 -99999999 -9999999 -9999999 -99999
 239.10 -99999999 -99999999 -9999999 -9999999 -99999
