#DataName: Atmospheric Wind and Refractive Index Structure Constant
#CopyRight: Chinese Meridian Project
#Station: OQZQB(108.66E,22.10N,23m)
#Instrument: MST Radar
#Producer: Wuhan University
#FileCreateTime: 2024-04-07T13:24:05
#DataLevel: L2
#DataVersion: V01.00
#DataStartTime: 2024-04-07T13:20:00.000
#DataEndTime: 2024-04-07T13:24:02.000
#RecordNumber: 80
#QualityFlag: 1(1:Okay,2:Caution,3:No-Recommend)
#DeviceState: TansInputPower=576kW, WellRAntennaNum=931, WellTAntennaNum=576
#DeviceSpec: Freq=161.00MHz, PkPower=1152kW, RAntennaNum=931, TAntennaNum=576, BeamWidth=4.5deg, Rband=1.0MHz
#ObsParameters: PlsWidth=4.00us, PlsCode=8-bit Complementary, PRF=3125.00Hz, PlsAccum=12, Range=48km, GateNum=80, Rmin=300m, EleAngle=15.0deg, BeamOrder=SZNEW, nFFT=1024, SpAverage=10
#Height(km): The Height Level of the Wind Data, F7.2, missingdata=NaN
#Horiz WS(m/s): Horizontal Wind Speed in m/s, F8.2, missingdata=-99999999
#Horiz_WD(m/s): Horizontal Direction in Degree, Clockwise from Due North, F8.2, missingdata=-99999999
#Verti_V(m/s): Vertical Velocity in m/s, F7.2, missingdata=-9999999
#Cn2(dB): Atmospheric Refractive index Structure Constant in dB, F7.2, missingdata=-9999999
#Credi: Credibility of Data, I5.3, missingdata=-99999
#-------------------------------------------------------------------
 Height Horiz_WS Horiz_WD Verti_V     Cn2 Credi
   0.30     9.35    58.21    0.30 -172.78   100
   0.90     0.16   228.53    0.02 -166.16   100
   1.50     6.89   250.20   -0.22 -150.93   100
   2.10    10.35   253.22   -0.26 -149.48   100
   2.70    11.64   254.91   -0.23 -145.04   100
   3.30    12.22   258.04   -0.10 -145.04   100
   3.90    13.34   260.41    0.02 -145.84   100
   4.50    14.25   264.04    0.04 -146.77   100
   5.10    15.60   262.03    0.25 -151.37   100
   5.70    16.58   263.05    0.37 -156.06   100
   6.30    16.92   269.55    0.47 -160.00   100
   6.90    13.99   282.65    0.74 -160.27   100
   7.50    16.99   303.15    1.28 -160.27   100
   8.10    18.40   303.00    1.14 -160.98    91
   8.70    20.17   300.48    1.00 -162.85   100
   9.30    26.05   290.68    0.45 -161.69   100
   9.90    27.33   277.18   -0.14 -163.70   100
  10.50    29.44   274.99   -0.18 -163.70   100
  11.10    30.94   275.90   -0.07 -166.82   100
  11.70    31.93   275.41   -0.07 -167.19    93
  12.30    32.00   274.36    0.01 -171.79    76
  12.90    32.13   273.98    0.05 -9999999    83
  13.50    31.57   275.47    0.06 -172.40    64
  14.10    28.52   269.78    0.65 -168.67    75
  14.70    21.50   252.74   -0.13 -170.00    75
  15.30    15.08   238.01   -1.14 -171.40    91
  15.90     8.49   225.84   -0.48 -173.38    99
  16.50    12.62   250.19   -1.29 -173.01   100
  17.10    15.24   259.76   -0.79 -173.01    76
  17.70    12.95   273.27    0.05 -172.49    77
  18.30    14.21   279.59    0.15 -171.63    94
  18.90    15.45   277.84    0.03 -169.76    96
  19.50     9.32   272.91   -0.06 -9999999    94
  20.10     4.24   261.79    0.13 -9999999    89
  20.70     4.68   243.80    0.32 -9999999    89
  21.30     5.08   223.78    0.21 -9999999    84
  21.90     5.94   224.80    0.23 -9999999    67
  22.50 -99999999 -99999999 -9999999 -9999999 -99999
  23.10 -99999999 -99999999 -9999999 -9999999 -99999
  23.70 -99999999 -99999999 -9999999 -9999999 -99999
  24.30 -99999999 -99999999 -9999999 -9999999 -99999
  24.90 -99999999 -99999999 -9999999 -9999999 -99999
  25.50 -99999999 -99999999 -9999999 -9999999 -99999
  26.10 -99999999 -99999999 -9999999 -9999999 -99999
  26.70 -99999999 -99999999 -9999999 -9999999 -99999
  27.30 -99999999 -99999999 -9999999 -9999999 -99999
  27.90 -99999999 -99999999 -9999999 -9999999 -99999
  28.50 -99999999 -99999999 -9999999 -9999999 -99999
  29.10 -99999999 -99999999 -9999999 -9999999 -99999
  29.70 -99999999 -99999999 -9999999 -9999999 -99999
  30.30 -99999999 -99999999 -9999999 -9999999 -99999
  30.90 -99999999 -99999999 -9999999 -9999999 -99999
  31.50 -99999999 -99999999 -9999999 -9999999 -99999
  32.10 -99999999 -99999999 -9999999 -9999999 -99999
  32.70 -99999999 -99999999 -9999999 -9999999 -99999
  33.30 -99999999 -99999999 -9999999 -9999999 -99999
  33.90 -99999999 -99999999 -9999999 -9999999 -99999
  34.50 -99999999 -99999999 -9999999 -9999999 -99999
  35.10 -99999999 -99999999 -9999999 -9999999 -99999
  35.70 -99999999 -99999999 -9999999 -9999999 -99999
  36.30 -99999999 -99999999 -9999999 -9999999 -99999
  36.90 -99999999 -99999999 -9999999 -9999999 -99999
  37.50 -99999999 -99999999 -9999999 -9999999 -99999
  38.10 -99999999 -99999999 -9999999 -9999999 -99999
  38.70 -99999999 -99999999 -9999999 -9999999 -99999
  39.30 -99999999 -99999999 -9999999 -9999999 -99999
  39.90 -99999999 -99999999 -9999999 -9999999 -99999
  40.50 -99999999 -99999999 -9999999 -9999999 -99999
  41.10 -99999999 -99999999 -9999999 -9999999 -99999
  41.70 -99999999 -99999999 -9999999 -9999999 -99999
  42.30 -99999999 -99999999 -9999999 -9999999 -99999
  42.90 -99999999 -99999999 -9999999 -9999999 -99999
  43.50 -99999999 -99999999 -9999999 -9999999 -99999
  44.10 -99999999 -99999999 -9999999 -9999999 -99999
  44.70 -99999999 -99999999 -9999999 -9999999 -99999
  45.30 -99999999 -99999999 -9999999 -161.19 -99999
  45.90 -99999999 -99999999 -9999999 -164.56 -99999
  46.50 -99999999 -99999999 -9999999 -160.80 -99999
  47.10 -99999999 -99999999 -9999999 -167.93 -99999
  47.70     0.00     0.00    0.00 -153.26    95
