#DataName: Atmospheric Wind and Refractive Index Structure Constant
#CopyRight: Chinese Meridian Project
#Station: OQZQB(108.66E,22.10N,23m)
#Instrument: MST Radar
#Producer: Wuhan University
#FileCreateTime: 2024-04-03T05:14:52
#DataLevel: L2
#DataVersion: V01.00
#DataStartTime: 2024-04-03T05:00:00.000
#DataEndTime: 2024-04-03T05:14:37.000
#RecordNumber: 160
#QualityFlag: 1(1:Okay,2:Caution,3:No-Recommend)
#DeviceState: TansInputPower=800kW, WellRAntennaNum=1261, WellTAntennaNum=997
#DeviceSpec: Freq=50.00MHz, PkPower=1994kW, RAntennaNum=1261, TAntennaNum=997, BeamWidth=4.5deg, Rband=1.0MHz
#ObsParameters: PlsWidth=8.00us, PlsCode=8-bit Complementary, PRF=781.25Hz, PlsAccum=8, Range=192km, GateNum=160, Rmin=300m, EleAngle=15.0deg, BeamOrder=SZNEW, nFFT=512, SpAverage=8
#Height(km): The Height Level of the Wind Data, F7.2, missingdata=NaN
#Horiz WS(m/s): Horizontal Wind Speed in m/s, F8.2, missingdata=-99999999
#Horiz_WD(m/s): Horizontal Direction in Degree, Clockwise from Due North, F8.2, missingdata=-99999999
#Verti_V(m/s): Vertical Velocity in m/s, F7.2, missingdata=-9999999
#Cn2(dB): Atmospheric Refractive index Structure Constant in dB, F7.2, missingdata=-9999999
#Credi: Credibility of Data, I5.3, missingdata=-99999
#-------------------------------------------------------------------
 Height Horiz_WS Horiz_WD Verti_V     Cn2 Credi
   0.30    15.75    80.31    0.65 -169.08   100
   1.50     0.07   210.68    0.20 -161.76   100
   2.70    11.06   261.84   -0.05 -157.11   100
   3.90    16.79   261.88   -0.14 -154.58   100
   5.10    17.55   258.52   -0.01 -152.47   100
   6.30    18.24   255.76    0.14 -150.52   100
   7.50    19.56   253.44    0.30 -149.32   100
   8.70    20.94   254.33    0.36 -148.56   100
   9.90    22.42   255.57    0.43 -149.21   100
  11.10    26.30   265.23    0.24 -148.54   100
  12.30    29.45   274.02   -0.10 -151.50   100
  13.50    33.05   280.26   -0.60 -151.97    94
  14.70    33.15   281.20   -0.57 -160.78   100
  15.90    29.60   275.88   -0.56 -166.43    94
  17.10    23.77   274.22   -0.71 -166.03   100
  18.30    17.61   266.12   -0.52 -165.07   100
  19.50    13.86   254.42   -0.10 -166.51   100
  20.70    12.33   230.53    0.33 -167.14   100
  21.90     9.83   214.83    0.43 -169.08   100
  23.10     8.09   183.80    0.38 -171.78   100
  24.30     2.13   110.17   -0.35 -173.94   100
  25.50    12.14    14.52   -1.55 -173.94   100
  26.70    23.32    10.78   -2.72 -174.25    49
  27.90    25.34    11.14   -2.84 -175.72    67
  29.10 -99999999 -99999999 -9999999 -9999999 -99999
  30.30 -99999999 -99999999 -9999999 -9999999 -99999
  31.50 -99999999 -99999999 -9999999 -9999999 -99999
  32.70 -99999999 -99999999 -9999999 -9999999 -99999
  33.90 -99999999 -99999999 -9999999 -9999999 -99999
  35.10 -99999999 -99999999 -9999999 -9999999 -99999
  36.30 -99999999 -99999999 -9999999 -9999999 -99999
  37.50 -99999999 -99999999 -9999999 -9999999 -99999
  38.70 -99999999 -99999999 -9999999 -9999999 -99999
  39.90 -99999999 -99999999 -9999999 -9999999 -99999
  41.10 -99999999 -99999999 -9999999 -9999999 -99999
  42.30 -99999999 -99999999 -9999999 -9999999 -99999
  43.50 -99999999 -99999999 -9999999 -9999999 -99999
  44.70 -99999999 -99999999 -9999999 -9999999 -99999
  45.90 -99999999 -99999999 -9999999 -9999999 -99999
  47.10 -99999999 -99999999 -9999999 -9999999 -99999
  48.30 -99999999 -99999999 -9999999 -9999999 -99999
  49.50 -99999999 -99999999 -9999999 -9999999 -99999
  50.70 -99999999 -99999999 -9999999 -168.96 -99999
  51.90 -99999999 -99999999 -9999999 -168.96 -99999
  53.10 -99999999 -99999999 -9999999 -168.96 -99999
  54.30 -99999999 -99999999 -9999999 -168.96 -99999
  55.50 -99999999 -99999999 -9999999 -9999999 -99999
  56.70 -99999999 -99999999 -9999999 -9999999 -99999
  57.90 -99999999 -99999999 -9999999 -9999999 -99999
  59.10 -99999999 -99999999 -9999999 -9999999 -99999
  60.30 -99999999 -99999999 -9999999 -9999999 -99999
  61.50 -99999999 -99999999 -9999999 -173.21 -99999
  62.70 -99999999 -99999999 -9999999 -173.99 -99999
  63.90 -99999999 -99999999 -9999999 -173.02 -99999
  65.10    56.75    65.78    9.29 -174.21    68
  66.30    31.26    35.89    4.63 -173.50    33
  67.50    28.20    22.01    2.69 -171.80    65
  68.70    30.04   346.37   -0.29 -170.34   100
  69.90    29.76   359.20   -0.13 -169.13    63
  71.10    25.87   352.81    0.40 -169.13    66
  72.30    22.32     6.76    0.56 -170.00    81
  73.50    21.17    22.24    0.93 -171.87    89
  74.70    33.40    54.19   -0.19 -171.97    71
  75.90    43.80    63.14    0.07 -173.07    84
  77.10    52.67    67.94    0.07 -172.52    68
  78.30    56.35    74.55    0.48 -172.23    60
  79.50    56.90    78.71    0.48 -170.58    80
  80.70    56.31    89.65    0.34 -9999999    66
  81.90 -99999999 -99999999 -9999999 -9999999 -99999
  83.10 -99999999 -99999999 -9999999 -9999999 -99999
  84.30 -99999999 -99999999 -9999999 -170.78 -99999
  85.50 -99999999 -99999999 -9999999 -173.05 -99999
  86.70    21.60   149.30   -0.14 -173.85    60
  87.90    38.27   164.23    0.88 -173.85    60
  89.10    38.27   164.23    0.88 -174.11    68
  90.30    37.46   169.43    1.22 -175.77    35
  91.50    37.46   169.43    1.22 -176.10    65
  92.70    15.05   258.51    3.75 -175.97    64
  93.90    64.45   309.62    1.54 -175.97    67
  95.10    64.81   302.68    3.82 -175.70    42
  96.30    61.94   301.59    3.97 -175.75    51
  97.50    52.79   308.06    2.71 -175.82    21
  98.70    48.96   314.33    0.36 -175.75    30
  99.90    40.93   332.74    1.07 -175.75    51
 101.10    29.07   179.49    6.70 -175.81    29
 102.30    92.42   172.57   14.72 -171.69    16
 103.50   135.52   176.05   19.60 -171.69    39
 104.70   143.14   168.77   20.96 -171.69    29
 105.90   138.25   164.09   28.38 -171.69    41
 107.10   173.56   161.28   26.45 -171.69    57
 108.30 -99999999 -99999999 -9999999 -9999999 -99999
 109.50 -99999999 -99999999 -9999999 -9999999 -99999
 110.70 -99999999 -99999999 -9999999 -9999999 -99999
 111.90 -99999999 -99999999 -9999999 -9999999 -99999
 113.10 -99999999 -99999999 -9999999 -9999999 -99999
 114.30 -99999999 -99999999 -9999999 -9999999 -99999
 115.50 -99999999 -99999999 -9999999 -9999999 -99999
 116.70 -99999999 -99999999 -9999999 -9999999 -99999
 117.90 -99999999 -99999999 -9999999 -9999999 -99999
 119.10 -99999999 -99999999 -9999999 -9999999 -99999
 120.30 -99999999 -99999999 -9999999 -9999999 -99999
 121.50 -99999999 -99999999 -9999999 -9999999 -99999
 122.70 -99999999 -99999999 -9999999 -9999999 -99999
 123.90 -99999999 -99999999 -9999999 -9999999 -99999
 125.10 -99999999 -99999999 -9999999 -9999999 -99999
 126.30 -99999999 -99999999 -9999999 -9999999 -99999
 127.50 -99999999 -99999999 -9999999 -9999999 -99999
 128.70 -99999999 -99999999 -9999999 -9999999 -99999
 129.90 -99999999 -99999999 -9999999 -9999999 -99999
 131.10 -99999999 -99999999 -9999999 -9999999 -99999
 132.30 -99999999 -99999999 -9999999 -9999999 -99999
 133.50 -99999999 -99999999 -9999999 -9999999 -99999
 134.70 -99999999 -99999999 -9999999 -9999999 -99999
 135.90 -99999999 -99999999 -9999999 -9999999 -99999
 137.10 -99999999 -99999999 -9999999 -9999999 -99999
 138.30 -99999999 -99999999 -9999999 -9999999 -99999
 139.50 -99999999 -99999999 -9999999 -9999999 -99999
 140.70 -99999999 -99999999 -9999999 -9999999 -99999
 141.90 -99999999 -99999999 -9999999 -9999999 -99999
 143.10 -99999999 -99999999 -9999999 -9999999 -99999
 144.30 -99999999 -99999999 -9999999 -9999999 -99999
 145.50 -99999999 -99999999 -9999999 -9999999 -99999
 146.70 -99999999 -99999999 -9999999 -9999999 -99999
 147.90 -99999999 -99999999 -9999999 -9999999 -99999
 149.10 -99999999 -99999999 -9999999 -9999999 -99999
 150.30 -99999999 -99999999 -9999999 -9999999 -99999
 151.50 -99999999 -99999999 -9999999 -9999999 -99999
 152.70 -99999999 -99999999 -9999999 -9999999 -99999
 153.90 -99999999 -99999999 -9999999 -9999999 -99999
 155.10 -99999999 -99999999 -9999999 -9999999 -99999
 156.30 -99999999 -99999999 -9999999 -9999999 -99999
 157.50 -99999999 -99999999 -9999999 -9999999 -99999
 158.70 -99999999 -99999999 -9999999 -9999999 -99999
 159.90 -99999999 -99999999 -9999999 -9999999 -99999
 161.10 -99999999 -99999999 -9999999 -9999999 -99999
 162.30 -99999999 -99999999 -9999999 -9999999 -99999
 163.50 -99999999 -99999999 -9999999 -9999999 -99999
 164.70 -99999999 -99999999 -9999999 -9999999 -99999
 165.90 -99999999 -99999999 -9999999 -9999999 -99999
 167.10 -99999999 -99999999 -9999999 -9999999 -99999
 168.30 -99999999 -99999999 -9999999 -9999999 -99999
 169.50 -99999999 -99999999 -9999999 -9999999 -99999
 170.70 -99999999 -99999999 -9999999 -9999999 -99999
 171.90 -99999999 -99999999 -9999999 -9999999 -99999
 173.10 -99999999 -99999999 -9999999 -9999999 -99999
 174.30 -99999999 -99999999 -9999999 -9999999 -99999
 175.50 -99999999 -99999999 -9999999 -9999999 -99999
 176.70 -99999999 -99999999 -9999999 -9999999 -99999
 177.90 -99999999 -99999999 -9999999 -9999999 -99999
 179.10 -99999999 -99999999 -9999999 -9999999 -99999
 180.30 -99999999 -99999999 -9999999 -9999999 -99999
 181.50 -99999999 -99999999 -9999999 -9999999 -99999
 182.70 -99999999 -99999999 -9999999 -9999999 -99999
 183.90 -99999999 -99999999 -9999999 -9999999 -99999
 185.10 -99999999 -99999999 -9999999 -9999999 -99999
 186.30 -99999999 -99999999 -9999999 -9999999 -99999
 187.50 -99999999 -99999999 -9999999 -9999999 -99999
 188.70 -99999999 -99999999 -9999999 -9999999 -99999
 189.90 -99999999 -99999999 -9999999 -9999999 -99999
 191.10 -99999999 -99999999 -9999999 -9999999 -99999
