#DataName: Atmospheric Wind and Refractive Index Structure Constant
#CopyRight: Chinese Meridian Project
#Station: OQZQB(108.66E,22.10N,23m)
#Instrument: MST Radar
#Producer: Wuhan University
#FileCreateTime: 2024-04-17T16:45:37
#DataLevel: L2
#DataVersion: V01.00
#DataStartTime: 2024-04-17T16:30:00.000
#DataEndTime: 2024-04-17T16:45:17.000
#RecordNumber: 160
#QualityFlag: 1(1:Okay,2:Caution,3:No-Recommend)
#DeviceState: TansInputPower=800kW, WellRAntennaNum=1261, WellTAntennaNum=997
#DeviceSpec: Freq=50.00MHz, PkPower=1994kW, RAntennaNum=1261, TAntennaNum=997, BeamWidth=4.5deg, Rband=1.0MHz
#ObsParameters: PlsWidth=8.00us, PlsCode=8-bit Complementary, PRF=781.25Hz, PlsAccum=4, Range=192km, GateNum=160, Rmin=300m, EleAngle=15.0deg, BeamOrder=SZNEW, nFFT=1024, SpAverage=8
#Height(km): The Height Level of the Wind Data, F7.2, missingdata=NaN
#Horiz WS(m/s): Horizontal Wind Speed in m/s, F8.2, missingdata=-99999999
#Horiz_WD(m/s): Horizontal Direction in Degree, Clockwise from Due North, F8.2, missingdata=-99999999
#Verti_V(m/s): Vertical Velocity in m/s, F7.2, missingdata=-9999999
#Cn2(dB): Atmospheric Refractive index Structure Constant in dB, F7.2, missingdata=-9999999
#Credi: Credibility of Data, I5.3, missingdata=-99999
#-------------------------------------------------------------------
 Height Horiz_WS Horiz_WD Verti_V     Cn2 Credi
   0.30    13.18   308.21    0.35 -164.39    73
   1.50 -99999999 -99999999 -9999999 -164.39 -99999
   2.70 -99999999 -99999999 -9999999 -164.39 -99999
   3.90 -99999999 -99999999 -9999999 -9999999 -99999
   5.10     9.88   224.86   -0.55 -9999999    73
   6.30    14.20   241.42   -0.35 -9999999    84
   7.50    14.74   243.67   -0.21 -151.96    89
   8.70    14.98   246.73   -0.05 -152.26   100
   9.90    15.40   250.89    0.00 -153.05   100
  11.10    19.17   262.23   -0.10 -156.64    94
  12.30    23.59   269.16   -0.21 -156.45    94
  13.50    27.55   270.04   -0.28 -160.59   100
  14.70    27.56   271.88   -0.29 -159.71   100
  15.90    25.84   272.07   -0.17 -155.59   100
  17.10    20.13   272.90   -0.21 -152.74   100
  18.30    12.35   267.47   -0.20 -156.56   100
  19.50     5.40   266.76   -0.12 -152.75    89
  20.70     3.09   335.95    0.23 -157.10   100
  21.90     2.00    36.80    0.17 -162.79    89
  23.10     5.10   109.10   -0.18 -168.35   100
  24.30     9.54   106.46   -0.19 -164.55   100
  25.50    15.40    88.99   -0.17 -170.82    85
  26.70    16.07    98.06   -0.56 -172.57    62
  27.90    28.37    96.34    0.51 -9999999    46
  29.10 -99999999 -99999999 -9999999 -9999999 -99999
  30.30 -99999999 -99999999 -9999999 -9999999 -99999
  31.50 -99999999 -99999999 -9999999 -9999999 -99999
  32.70 -99999999 -99999999 -9999999 -9999999 -99999
  33.90 -99999999 -99999999 -9999999 -9999999 -99999
  35.10 -99999999 -99999999 -9999999 -9999999 -99999
  36.30 -99999999 -99999999 -9999999 -9999999 -99999
  37.50 -99999999 -99999999 -9999999 -9999999 -99999
  38.70 -99999999 -99999999 -9999999 -9999999 -99999
  39.90 -99999999 -99999999 -9999999 -9999999 -99999
  41.10 -99999999 -99999999 -9999999 -9999999 -99999
  42.30 -99999999 -99999999 -9999999 -9999999 -99999
  43.50 -99999999 -99999999 -9999999 -9999999 -99999
  44.70 -99999999 -99999999 -9999999 -9999999 -99999
  45.90 -99999999 -99999999 -9999999 -9999999 -99999
  47.10 -99999999 -99999999 -9999999 -9999999 -99999
  48.30 -99999999 -99999999 -9999999 -9999999 -99999
  49.50 -99999999 -99999999 -9999999 -9999999 -99999
  50.70 -99999999 -99999999 -9999999 -9999999 -99999
  51.90 -99999999 -99999999 -9999999 -9999999 -99999
  53.10 -99999999 -99999999 -9999999 -9999999 -99999
  54.30 -99999999 -99999999 -9999999 -9999999 -99999
  55.50 -99999999 -99999999 -9999999 -9999999 -99999
  56.70 -99999999 -99999999 -9999999 -9999999 -99999
  57.90 -99999999 -99999999 -9999999 -9999999 -99999
  59.10 -99999999 -99999999 -9999999 -9999999 -99999
  60.30 -99999999 -99999999 -9999999 -9999999 -99999
  61.50 -99999999 -99999999 -9999999 -9999999 -99999
  62.70 -99999999 -99999999 -9999999 -9999999 -99999
  63.90 -99999999 -99999999 -9999999 -9999999 -99999
  65.10 -99999999 -99999999 -9999999 -9999999 -99999
  66.30 -99999999 -99999999 -9999999 -9999999 -99999
  67.50 -99999999 -99999999 -9999999 -9999999 -99999
  68.70 -99999999 -99999999 -9999999 -9999999 -99999
  69.90 -99999999 -99999999 -9999999 -9999999 -99999
  71.10 -99999999 -99999999 -9999999 -9999999 -99999
  72.30 -99999999 -99999999 -9999999 -9999999 -99999
  73.50 -99999999 -99999999 -9999999 -9999999 -99999
  74.70 -99999999 -99999999 -9999999 -9999999 -99999
  75.90 -99999999 -99999999 -9999999 -9999999 -99999
  77.10 -99999999 -99999999 -9999999 -9999999 -99999
  78.30 -99999999 -99999999 -9999999 -9999999 -99999
  79.50 -99999999 -99999999 -9999999 -9999999 -99999
  80.70 -99999999 -99999999 -9999999 -9999999 -99999
  81.90 -99999999 -99999999 -9999999 -175.48 -99999
  83.10 -99999999 -99999999 -9999999 -174.29 -99999
  84.30   172.75    77.23   -3.16 -174.29    66
  85.50   163.30    71.50    0.49 -172.59    26
  86.70 -99999999 -99999999 -9999999 -171.43 -99999
  87.90 -99999999 -99999999 -9999999 -170.60 -99999
  89.10    31.17    36.54    2.71 -169.19    62
  90.30    29.18    84.39    4.90 -169.19    85
  91.50    41.43    91.90    4.62 -9999999    83
  92.70    40.35    52.65    9.01 -9999999    79
  93.90    32.11    77.08   15.69 -9999999    61
  95.10   106.59    54.72   36.67 -9999999    30
  96.30   139.40    65.98   48.88 -9999999    34
  97.50 -99999999 -99999999 -9999999 -9999999 -99999
  98.70 -99999999 -99999999 -9999999 -9999999 -99999
  99.90 -99999999 -99999999 -9999999 -9999999 -99999
 101.10 -99999999 -99999999 -9999999 -9999999 -99999
 102.30 -99999999 -99999999 -9999999 -9999999 -99999
 103.50 -99999999 -99999999 -9999999 -9999999 -99999
 104.70 -99999999 -99999999 -9999999 -9999999 -99999
 105.90 -99999999 -99999999 -9999999 -9999999 -99999
 107.10 -99999999 -99999999 -9999999 -9999999 -99999
 108.30 -99999999 -99999999 -9999999 -9999999 -99999
 109.50 -99999999 -99999999 -9999999 -9999999 -99999
 110.70 -99999999 -99999999 -9999999 -9999999 -99999
 111.90 -99999999 -99999999 -9999999 -9999999 -99999
 113.10 -99999999 -99999999 -9999999 -9999999 -99999
 114.30 -99999999 -99999999 -9999999 -9999999 -99999
 115.50 -99999999 -99999999 -9999999 -9999999 -99999
 116.70 -99999999 -99999999 -9999999 -9999999 -99999
 117.90 -99999999 -99999999 -9999999 -9999999 -99999
 119.10 -99999999 -99999999 -9999999 -9999999 -99999
 120.30 -99999999 -99999999 -9999999 -167.99 -99999
 121.50 -99999999 -99999999 -9999999 -167.99 -99999
 122.70 -99999999 -99999999 -9999999 -167.99 -99999
 123.90 -99999999 -99999999 -9999999 -167.99 -99999
 125.10 -99999999 -99999999 -9999999 -9999999 -99999
 126.30 -99999999 -99999999 -9999999 -9999999 -99999
 127.50 -99999999 -99999999 -9999999 -9999999 -99999
 128.70 -99999999 -99999999 -9999999 -9999999 -99999
 129.90 -99999999 -99999999 -9999999 -9999999 -99999
 131.10 -99999999 -99999999 -9999999 -9999999 -99999
 132.30 -99999999 -99999999 -9999999 -9999999 -99999
 133.50 -99999999 -99999999 -9999999 -9999999 -99999
 134.70 -99999999 -99999999 -9999999 -9999999 -99999
 135.90 -99999999 -99999999 -9999999 -9999999 -99999
 137.10 -99999999 -99999999 -9999999 -9999999 -99999
 138.30 -99999999 -99999999 -9999999 -9999999 -99999
 139.50 -99999999 -99999999 -9999999 -9999999 -99999
 140.70 -99999999 -99999999 -9999999 -9999999 -99999
 141.90 -99999999 -99999999 -9999999 -9999999 -99999
 143.10 -99999999 -99999999 -9999999 -9999999 -99999
 144.30 -99999999 -99999999 -9999999 -9999999 -99999
 145.50 -99999999 -99999999 -9999999 -9999999 -99999
 146.70 -99999999 -99999999 -9999999 -9999999 -99999
 147.90 -99999999 -99999999 -9999999 -9999999 -99999
 149.10 -99999999 -99999999 -9999999 -9999999 -99999
 150.30 -99999999 -99999999 -9999999 -9999999 -99999
 151.50 -99999999 -99999999 -9999999 -9999999 -99999
 152.70 -99999999 -99999999 -9999999 -9999999 -99999
 153.90 -99999999 -99999999 -9999999 -9999999 -99999
 155.10 -99999999 -99999999 -9999999 -9999999 -99999
 156.30 -99999999 -99999999 -9999999 -9999999 -99999
 157.50 -99999999 -99999999 -9999999 -9999999 -99999
 158.70 -99999999 -99999999 -9999999 -9999999 -99999
 159.90 -99999999 -99999999 -9999999 -9999999 -99999
 161.10 -99999999 -99999999 -9999999 -9999999 -99999
 162.30 -99999999 -99999999 -9999999 -9999999 -99999
 163.50 -99999999 -99999999 -9999999 -9999999 -99999
 164.70 -99999999 -99999999 -9999999 -9999999 -99999
 165.90 -99999999 -99999999 -9999999 -9999999 -99999
 167.10 -99999999 -99999999 -9999999 -9999999 -99999
 168.30 -99999999 -99999999 -9999999 -9999999 -99999
 169.50 -99999999 -99999999 -9999999 -9999999 -99999
 170.70 -99999999 -99999999 -9999999 -9999999 -99999
 171.90 -99999999 -99999999 -9999999 -9999999 -99999
 173.10 -99999999 -99999999 -9999999 -9999999 -99999
 174.30 -99999999 -99999999 -9999999 -9999999 -99999
 175.50 -99999999 -99999999 -9999999 -9999999 -99999
 176.70 -99999999 -99999999 -9999999 -9999999 -99999
 177.90 -99999999 -99999999 -9999999 -9999999 -99999
 179.10 -99999999 -99999999 -9999999 -9999999 -99999
 180.30 -99999999 -99999999 -9999999 -9999999 -99999
 181.50 -99999999 -99999999 -9999999 -9999999 -99999
 182.70 -99999999 -99999999 -9999999 -9999999 -99999
 183.90 -99999999 -99999999 -9999999 -9999999 -99999
 185.10 -99999999 -99999999 -9999999 -9999999 -99999
 186.30 -99999999 -99999999 -9999999 -9999999 -99999
 187.50 -99999999 -99999999 -9999999 -9999999 -99999
 188.70 -99999999 -99999999 -9999999 -9999999 -99999
 189.90 -99999999 -99999999 -9999999 -9999999 -99999
 191.10 -99999999 -99999999 -9999999 -9999999 -99999
