#DataName: Atmospheric Wind and Refractive Index Structure Constant
#CopyRight: Chinese Meridian Project
#Station: OQZQB(108.66E,22.10N,23m)
#Instrument: MST Radar
#Producer: Wuhan University
#FileCreateTime: 2024-04-11T18:45:34
#DataLevel: L2
#DataVersion: V01.00
#DataStartTime: 2024-04-11T18:30:00.000
#DataEndTime: 2024-04-11T18:45:18.000
#RecordNumber: 160
#QualityFlag: 1(1:Okay,2:Caution,3:No-Recommend)
#DeviceState: TansInputPower=800kW, WellRAntennaNum=1261, WellTAntennaNum=997
#DeviceSpec: Freq=50.00MHz, PkPower=1994kW, RAntennaNum=1261, TAntennaNum=997, BeamWidth=4.5deg, Rband=1.0MHz
#ObsParameters: PlsWidth=8.00us, PlsCode=8-bit Complementary, PRF=781.25Hz, PlsAccum=4, Range=192km, GateNum=160, Rmin=300m, EleAngle=15.0deg, BeamOrder=SZNEW, nFFT=1024, SpAverage=8
#Height(km): The Height Level of the Wind Data, F7.2, missingdata=NaN
#Horiz WS(m/s): Horizontal Wind Speed in m/s, F8.2, missingdata=-99999999
#Horiz_WD(m/s): Horizontal Direction in Degree, Clockwise from Due North, F8.2, missingdata=-99999999
#Verti_V(m/s): Vertical Velocity in m/s, F7.2, missingdata=-9999999
#Cn2(dB): Atmospheric Refractive index Structure Constant in dB, F7.2, missingdata=-9999999
#Credi: Credibility of Data, I5.3, missingdata=-99999
#-------------------------------------------------------------------
 Height Horiz_WS Horiz_WD Verti_V     Cn2 Credi
   0.30 -99999999 -99999999 -9999999 -162.05 -99999
   1.50 -99999999 -99999999 -9999999 -162.05 -99999
   2.70 -99999999 -99999999 -9999999 -162.05 -99999
   3.90 -99999999 -99999999 -9999999 -9999999 -99999
   5.10 -99999999 -99999999 -9999999 -9999999 -99999
   6.30 -99999999 -99999999 -9999999 -9999999 -99999
   7.50    14.34   261.43    0.15 -9999999    73
   8.70    16.49   262.02    0.37 -154.29   100
   9.90    17.87   255.36    0.40 -154.39    94
  11.10    20.25   255.47    0.03 -156.33    89
  12.30    31.61   242.31    1.15 -158.22    94
  13.50    35.86   234.66    1.76 -160.54    94
  14.70    29.69   246.19    1.03 -160.54    82
  15.90    27.31   244.04    1.00 -161.02    80
  17.10    21.84   239.16    1.12 -161.02    87
  18.30    14.15   251.39    0.55 -161.28   100
  19.50    10.07   250.81    0.13 -161.90   100
  20.70     6.77   248.54   -0.16 -162.82   100
  21.90     2.67   245.88   -0.12 -162.50   100
  23.10     1.96   233.44    0.02 -162.02    87
  24.30     0.93   295.39    0.08 -163.31    87
  25.50     2.25     2.87    0.10 -9999999    75
  26.70 -99999999 -99999999 -9999999 -9999999 -99999
  27.90 -99999999 -99999999 -9999999 -9999999 -99999
  29.10 -99999999 -99999999 -9999999 -9999999 -99999
  30.30 -99999999 -99999999 -9999999 -9999999 -99999
  31.50 -99999999 -99999999 -9999999 -9999999 -99999
  32.70 -99999999 -99999999 -9999999 -9999999 -99999
  33.90 -99999999 -99999999 -9999999 -9999999 -99999
  35.10 -99999999 -99999999 -9999999 -9999999 -99999
  36.30 -99999999 -99999999 -9999999 -9999999 -99999
  37.50 -99999999 -99999999 -9999999 -9999999 -99999
  38.70 -99999999 -99999999 -9999999 -9999999 -99999
  39.90 -99999999 -99999999 -9999999 -9999999 -99999
  41.10 -99999999 -99999999 -9999999 -9999999 -99999
  42.30 -99999999 -99999999 -9999999 -9999999 -99999
  43.50 -99999999 -99999999 -9999999 -9999999 -99999
  44.70 -99999999 -99999999 -9999999 -9999999 -99999
  45.90 -99999999 -99999999 -9999999 -9999999 -99999
  47.10 -99999999 -99999999 -9999999 -9999999 -99999
  48.30 -99999999 -99999999 -9999999 -9999999 -99999
  49.50 -99999999 -99999999 -9999999 -9999999 -99999
  50.70 -99999999 -99999999 -9999999 -9999999 -99999
  51.90 -99999999 -99999999 -9999999 -9999999 -99999
  53.10 -99999999 -99999999 -9999999 -9999999 -99999
  54.30 -99999999 -99999999 -9999999 -9999999 -99999
  55.50 -99999999 -99999999 -9999999 -9999999 -99999
  56.70 -99999999 -99999999 -9999999 -9999999 -99999
  57.90 -99999999 -99999999 -9999999 -9999999 -99999
  59.10 -99999999 -99999999 -9999999 -9999999 -99999
  60.30 -99999999 -99999999 -9999999 -9999999 -99999
  61.50 -99999999 -99999999 -9999999 -9999999 -99999
  62.70 -99999999 -99999999 -9999999 -9999999 -99999
  63.90 -99999999 -99999999 -9999999 -9999999 -99999
  65.10 -99999999 -99999999 -9999999 -9999999 -99999
  66.30 -99999999 -99999999 -9999999 -9999999 -99999
  67.50 -99999999 -99999999 -9999999 -9999999 -99999
  68.70 -99999999 -99999999 -9999999 -9999999 -99999
  69.90 -99999999 -99999999 -9999999 -9999999 -99999
  71.10 -99999999 -99999999 -9999999 -9999999 -99999
  72.30 -99999999 -99999999 -9999999 -9999999 -99999
  73.50 -99999999 -99999999 -9999999 -9999999 -99999
  74.70 -99999999 -99999999 -9999999 -9999999 -99999
  75.90 -99999999 -99999999 -9999999 -9999999 -99999
  77.10 -99999999 -99999999 -9999999 -9999999 -99999
  78.30 -99999999 -99999999 -9999999 -9999999 -99999
  79.50 -99999999 -99999999 -9999999 -9999999 -99999
  80.70 -99999999 -99999999 -9999999 -9999999 -99999
  81.90 -99999999 -99999999 -9999999 -9999999 -99999
  83.10 -99999999 -99999999 -9999999 -9999999 -99999
  84.30 -99999999 -99999999 -9999999 -9999999 -99999
  85.50 -99999999 -99999999 -9999999 -9999999 -99999
  86.70 -99999999 -99999999 -9999999 -169.43 -99999
  87.90 -99999999 -99999999 -9999999 -169.43 -99999
  89.10 -99999999 -99999999 -9999999 -169.43 -99999
  90.30 -99999999 -99999999 -9999999 -169.43 -99999
  91.50    76.02   121.72   -1.80 -9999999    37
  92.70   102.61    53.61    1.33 -9999999    60
  93.90   116.85    44.98    1.33 -9999999    56
  95.10   127.70   128.07    7.83 -9999999    24
  96.30 -99999999 -99999999 -9999999 -9999999 -99999
  97.50 -99999999 -99999999 -9999999 -9999999 -99999
  98.70 -99999999 -99999999 -9999999 -9999999 -99999
  99.90 -99999999 -99999999 -9999999 -9999999 -99999
 101.10 -99999999 -99999999 -9999999 -9999999 -99999
 102.30 -99999999 -99999999 -9999999 -9999999 -99999
 103.50 -99999999 -99999999 -9999999 -9999999 -99999
 104.70 -99999999 -99999999 -9999999 -9999999 -99999
 105.90 -99999999 -99999999 -9999999 -9999999 -99999
 107.10 -99999999 -99999999 -9999999 -9999999 -99999
 108.30 -99999999 -99999999 -9999999 -9999999 -99999
 109.50 -99999999 -99999999 -9999999 -9999999 -99999
 110.70 -99999999 -99999999 -9999999 -174.35 -99999
 111.90 -99999999 -99999999 -9999999 -175.01 -99999
 113.10 -99999999 -99999999 -9999999 -175.01 -99999
 114.30   109.62   327.30   -1.68 -175.01    62
 115.50   210.85   351.41    5.74 -175.67    61
 116.70 -99999999 -99999999 -9999999 -9999999 -99999
 117.90 -99999999 -99999999 -9999999 -9999999 -99999
 119.10 -99999999 -99999999 -9999999 -9999999 -99999
 120.30 -99999999 -99999999 -9999999 -9999999 -99999
 121.50 -99999999 -99999999 -9999999 -9999999 -99999
 122.70 -99999999 -99999999 -9999999 -9999999 -99999
 123.90 -99999999 -99999999 -9999999 -9999999 -99999
 125.10 -99999999 -99999999 -9999999 -9999999 -99999
 126.30 -99999999 -99999999 -9999999 -9999999 -99999
 127.50 -99999999 -99999999 -9999999 -9999999 -99999
 128.70 -99999999 -99999999 -9999999 -9999999 -99999
 129.90 -99999999 -99999999 -9999999 -9999999 -99999
 131.10 -99999999 -99999999 -9999999 -9999999 -99999
 132.30 -99999999 -99999999 -9999999 -9999999 -99999
 133.50 -99999999 -99999999 -9999999 -9999999 -99999
 134.70 -99999999 -99999999 -9999999 -9999999 -99999
 135.90 -99999999 -99999999 -9999999 -9999999 -99999
 137.10 -99999999 -99999999 -9999999 -9999999 -99999
 138.30 -99999999 -99999999 -9999999 -9999999 -99999
 139.50 -99999999 -99999999 -9999999 -9999999 -99999
 140.70 -99999999 -99999999 -9999999 -9999999 -99999
 141.90 -99999999 -99999999 -9999999 -9999999 -99999
 143.10 -99999999 -99999999 -9999999 -9999999 -99999
 144.30 -99999999 -99999999 -9999999 -9999999 -99999
 145.50 -99999999 -99999999 -9999999 -9999999 -99999
 146.70 -99999999 -99999999 -9999999 -9999999 -99999
 147.90 -99999999 -99999999 -9999999 -9999999 -99999
 149.10 -99999999 -99999999 -9999999 -9999999 -99999
 150.30 -99999999 -99999999 -9999999 -9999999 -99999
 151.50 -99999999 -99999999 -9999999 -9999999 -99999
 152.70 -99999999 -99999999 -9999999 -9999999 -99999
 153.90 -99999999 -99999999 -9999999 -9999999 -99999
 155.10 -99999999 -99999999 -9999999 -9999999 -99999
 156.30 -99999999 -99999999 -9999999 -9999999 -99999
 157.50 -99999999 -99999999 -9999999 -9999999 -99999
 158.70 -99999999 -99999999 -9999999 -9999999 -99999
 159.90 -99999999 -99999999 -9999999 -9999999 -99999
 161.10 -99999999 -99999999 -9999999 -9999999 -99999
 162.30 -99999999 -99999999 -9999999 -9999999 -99999
 163.50 -99999999 -99999999 -9999999 -9999999 -99999
 164.70 -99999999 -99999999 -9999999 -9999999 -99999
 165.90 -99999999 -99999999 -9999999 -9999999 -99999
 167.10 -99999999 -99999999 -9999999 -9999999 -99999
 168.30 -99999999 -99999999 -9999999 -9999999 -99999
 169.50 -99999999 -99999999 -9999999 -9999999 -99999
 170.70 -99999999 -99999999 -9999999 -9999999 -99999
 171.90 -99999999 -99999999 -9999999 -9999999 -99999
 173.10 -99999999 -99999999 -9999999 -9999999 -99999
 174.30 -99999999 -99999999 -9999999 -9999999 -99999
 175.50 -99999999 -99999999 -9999999 -9999999 -99999
 176.70 -99999999 -99999999 -9999999 -9999999 -99999
 177.90 -99999999 -99999999 -9999999 -9999999 -99999
 179.10 -99999999 -99999999 -9999999 -9999999 -99999
 180.30 -99999999 -99999999 -9999999 -9999999 -99999
 181.50 -99999999 -99999999 -9999999 -9999999 -99999
 182.70 -99999999 -99999999 -9999999 -9999999 -99999
 183.90 -99999999 -99999999 -9999999 -9999999 -99999
 185.10 -99999999 -99999999 -9999999 -9999999 -99999
 186.30 -99999999 -99999999 -9999999 -9999999 -99999
 187.50 -99999999 -99999999 -9999999 -9999999 -99999
 188.70 -99999999 -99999999 -9999999 -9999999 -99999
 189.90 -99999999 -99999999 -9999999 -9999999 -99999
 191.10 -99999999 -99999999 -9999999 -9999999 -99999
