#DataName: Atmospheric Wind and Refractive Index Structure Constant
#CopyRight: Chinese Meridian Project
#Station: OQZQB(108.66E,22.10N,23m)
#Instrument: MST Radar
#Producer: Wuhan University
#FileCreateTime: 2024-04-11T05:15:26
#DataLevel: L2
#DataVersion: V01.00
#DataStartTime: 2024-04-11T05:00:00.000
#DataEndTime: 2024-04-11T05:15:17.000
#RecordNumber: 160
#QualityFlag: 1(1:Okay,2:Caution,3:No-Recommend)
#DeviceState: TansInputPower=800kW, WellRAntennaNum=1261, WellTAntennaNum=997
#DeviceSpec: Freq=50.00MHz, PkPower=1994kW, RAntennaNum=1261, TAntennaNum=997, BeamWidth=4.5deg, Rband=1.0MHz
#ObsParameters: PlsWidth=8.00us, PlsCode=8-bit Complementary, PRF=781.25Hz, PlsAccum=4, Range=192km, GateNum=160, Rmin=300m, EleAngle=15.0deg, BeamOrder=SZNEW, nFFT=1024, SpAverage=8
#Height(km): The Height Level of the Wind Data, F7.2, missingdata=NaN
#Horiz WS(m/s): Horizontal Wind Speed in m/s, F8.2, missingdata=-99999999
#Horiz_WD(m/s): Horizontal Direction in Degree, Clockwise from Due North, F8.2, missingdata=-99999999
#Verti_V(m/s): Vertical Velocity in m/s, F7.2, missingdata=-9999999
#Cn2(dB): Atmospheric Refractive index Structure Constant in dB, F7.2, missingdata=-9999999
#Credi: Credibility of Data, I5.3, missingdata=-99999
#-------------------------------------------------------------------
 Height Horiz_WS Horiz_WD Verti_V     Cn2 Credi
   0.30     4.89   340.50    0.44 -162.07    78
   1.50     0.25    65.59   -0.06 -162.07    89
   2.70     2.03   154.68   -0.22 -162.07    78
   3.90 -99999999 -99999999 -9999999 -9999999 -99999
   5.10 -99999999 -99999999 -9999999 -9999999 -99999
   6.30 -99999999 -99999999 -9999999 -9999999 -99999
   7.50    13.64   254.91    0.15 -9999999    67
   8.70    17.33   252.46    0.27 -9999999    89
   9.90    21.10   250.21    0.23 -153.55   100
  11.10    24.67   252.17   -0.28 -153.92    94
  12.30    30.43   252.50   -0.26 -155.62   100
  13.50    33.39   254.09   -0.27 -157.97   100
  14.70    32.99   256.73   -0.30 -160.26   100
  15.90    30.30   259.84   -0.35 -161.08   100
  17.10    24.86   258.77   -0.37 -161.57   100
  18.30    18.89   260.18   -0.45 -161.80   100
  19.50    13.48   259.04   -0.35 -162.26   100
  20.70     7.47   263.30   -0.32 -164.49   100
  21.90     0.88   190.58   -0.40 -166.86   100
  23.10     5.98    98.30   -0.37 -170.79   100
  24.30     7.75    94.26   -0.04 -170.79   100
  25.50    10.22   103.36   -0.02 -171.90    74
  26.70    12.13   114.40   -0.13 -173.85    66
  27.90 -99999999 -99999999 -9999999 -9999999 -99999
  29.10 -99999999 -99999999 -9999999 -9999999 -99999
  30.30 -99999999 -99999999 -9999999 -9999999 -99999
  31.50 -99999999 -99999999 -9999999 -9999999 -99999
  32.70 -99999999 -99999999 -9999999 -9999999 -99999
  33.90 -99999999 -99999999 -9999999 -9999999 -99999
  35.10 -99999999 -99999999 -9999999 -9999999 -99999
  36.30 -99999999 -99999999 -9999999 -9999999 -99999
  37.50 -99999999 -99999999 -9999999 -9999999 -99999
  38.70 -99999999 -99999999 -9999999 -9999999 -99999
  39.90 -99999999 -99999999 -9999999 -9999999 -99999
  41.10 -99999999 -99999999 -9999999 -9999999 -99999
  42.30 -99999999 -99999999 -9999999 -9999999 -99999
  43.50 -99999999 -99999999 -9999999 -9999999 -99999
  44.70 -99999999 -99999999 -9999999 -9999999 -99999
  45.90 -99999999 -99999999 -9999999 -9999999 -99999
  47.10 -99999999 -99999999 -9999999 -9999999 -99999
  48.30 -99999999 -99999999 -9999999 -9999999 -99999
  49.50 -99999999 -99999999 -9999999 -9999999 -99999
  50.70 -99999999 -99999999 -9999999 -9999999 -99999
  51.90 -99999999 -99999999 -9999999 -9999999 -99999
  53.10 -99999999 -99999999 -9999999 -9999999 -99999
  54.30 -99999999 -99999999 -9999999 -9999999 -99999
  55.50   268.65   337.64    1.43 -9999999    44
  56.70   243.31   341.23   -5.04 -9999999    66
  57.90   243.18   341.25   -5.01 -9999999    55
  59.10   203.81   337.41   -5.04 -9999999    80
  60.30   193.43   328.07    1.40 -9999999    60
  61.50 -99999999 -99999999 -9999999 -9999999 -99999
  62.70 -99999999 -99999999 -9999999 -9999999 -99999
  63.90 -99999999 -99999999 -9999999 -175.33 -99999
  65.10 -99999999 -99999999 -9999999 -170.72 -99999
  66.30 -99999999 -99999999 -9999999 -170.77 -99999
  67.50     2.03   325.14    0.57 -170.82    60
  68.70     4.23   186.85    0.44 -173.99    30
  69.90     4.14   187.01    0.47 -170.86    75
  71.10     7.55   183.83    0.41 -173.24    78
  72.30     1.13    15.59    0.61 -175.59    45
  73.50 -99999999 -99999999 -9999999 -174.23 -99999
  74.70 -99999999 -99999999 -9999999 -158.99 -99999
  75.90 -99999999 -99999999 -9999999 -162.17 -99999
  77.10    53.75    61.69    0.78 -164.46    78
  78.30    56.78    61.00    0.46 -164.46    97
  79.50    57.09    65.97    0.02 -162.17   100
  80.70    56.67    73.77   -0.52 -165.34   100
  81.90    57.19    85.67   -0.33 -9999999   100
  83.10    60.52   100.37    0.17 -9999999    82
  84.30    64.66   110.39   -0.74 -9999999    64
  85.50    83.30   124.60   -0.40 -9999999    49
  86.70    90.00   213.45    0.68 -172.34    61
  87.90    85.08   197.73   -0.91 -172.40    49
  89.10    89.74   198.46    0.18 -173.40    49
  90.30   111.76   140.43  -12.57 -174.49    73
  91.50    89.87   168.50   -7.99 -174.36    68
  92.70    88.98   353.63    1.12 -175.25    76
  93.90    45.47   302.28   -2.82 -175.37    84
  95.10    86.33    21.51    3.09 -175.52    51
  96.30    66.61     7.86    7.32 -175.29    76
  97.50    77.07   317.97    9.20 -175.57    48
  98.70    49.21    27.32   14.23 -175.84    65
  99.90    55.60   257.07    9.25 -176.00    63
 101.10    70.51   270.04    7.47 -175.92    22
 102.30    52.35   251.77    6.96 -175.92    66
 103.50    64.28   202.44    9.54 -9999999    36
 104.70    90.28   242.66   14.39 -9999999    70
 105.90   146.82   146.66    0.46 -9999999    66
 107.10 -99999999 -99999999 -9999999 -9999999 -99999
 108.30 -99999999 -99999999 -9999999 -9999999 -99999
 109.50 -99999999 -99999999 -9999999 -9999999 -99999
 110.70 -99999999 -99999999 -9999999 -9999999 -99999
 111.90 -99999999 -99999999 -9999999 -9999999 -99999
 113.10 -99999999 -99999999 -9999999 -9999999 -99999
 114.30 -99999999 -99999999 -9999999 -9999999 -99999
 115.50 -99999999 -99999999 -9999999 -9999999 -99999
 116.70 -99999999 -99999999 -9999999 -9999999 -99999
 117.90 -99999999 -99999999 -9999999 -9999999 -99999
 119.10 -99999999 -99999999 -9999999 -9999999 -99999
 120.30 -99999999 -99999999 -9999999 -9999999 -99999
 121.50 -99999999 -99999999 -9999999 -9999999 -99999
 122.70 -99999999 -99999999 -9999999 -9999999 -99999
 123.90 -99999999 -99999999 -9999999 -9999999 -99999
 125.10 -99999999 -99999999 -9999999 -9999999 -99999
 126.30 -99999999 -99999999 -9999999 -9999999 -99999
 127.50 -99999999 -99999999 -9999999 -9999999 -99999
 128.70 -99999999 -99999999 -9999999 -9999999 -99999
 129.90 -99999999 -99999999 -9999999 -9999999 -99999
 131.10 -99999999 -99999999 -9999999 -9999999 -99999
 132.30 -99999999 -99999999 -9999999 -9999999 -99999
 133.50 -99999999 -99999999 -9999999 -9999999 -99999
 134.70 -99999999 -99999999 -9999999 -9999999 -99999
 135.90 -99999999 -99999999 -9999999 -9999999 -99999
 137.10 -99999999 -99999999 -9999999 -9999999 -99999
 138.30 -99999999 -99999999 -9999999 -9999999 -99999
 139.50 -99999999 -99999999 -9999999 -9999999 -99999
 140.70 -99999999 -99999999 -9999999 -9999999 -99999
 141.90 -99999999 -99999999 -9999999 -9999999 -99999
 143.10 -99999999 -99999999 -9999999 -9999999 -99999
 144.30 -99999999 -99999999 -9999999 -9999999 -99999
 145.50 -99999999 -99999999 -9999999 -9999999 -99999
 146.70 -99999999 -99999999 -9999999 -9999999 -99999
 147.90 -99999999 -99999999 -9999999 -9999999 -99999
 149.10 -99999999 -99999999 -9999999 -9999999 -99999
 150.30 -99999999 -99999999 -9999999 -9999999 -99999
 151.50 -99999999 -99999999 -9999999 -9999999 -99999
 152.70 -99999999 -99999999 -9999999 -9999999 -99999
 153.90 -99999999 -99999999 -9999999 -9999999 -99999
 155.10 -99999999 -99999999 -9999999 -9999999 -99999
 156.30 -99999999 -99999999 -9999999 -9999999 -99999
 157.50 -99999999 -99999999 -9999999 -9999999 -99999
 158.70 -99999999 -99999999 -9999999 -9999999 -99999
 159.90 -99999999 -99999999 -9999999 -9999999 -99999
 161.10 -99999999 -99999999 -9999999 -9999999 -99999
 162.30 -99999999 -99999999 -9999999 -9999999 -99999
 163.50 -99999999 -99999999 -9999999 -9999999 -99999
 164.70 -99999999 -99999999 -9999999 -9999999 -99999
 165.90 -99999999 -99999999 -9999999 -9999999 -99999
 167.10 -99999999 -99999999 -9999999 -9999999 -99999
 168.30 -99999999 -99999999 -9999999 -9999999 -99999
 169.50 -99999999 -99999999 -9999999 -9999999 -99999
 170.70 -99999999 -99999999 -9999999 -9999999 -99999
 171.90 -99999999 -99999999 -9999999 -9999999 -99999
 173.10 -99999999 -99999999 -9999999 -9999999 -99999
 174.30 -99999999 -99999999 -9999999 -9999999 -99999
 175.50 -99999999 -99999999 -9999999 -9999999 -99999
 176.70 -99999999 -99999999 -9999999 -9999999 -99999
 177.90 -99999999 -99999999 -9999999 -9999999 -99999
 179.10 -99999999 -99999999 -9999999 -9999999 -99999
 180.30 -99999999 -99999999 -9999999 -9999999 -99999
 181.50 -99999999 -99999999 -9999999 -9999999 -99999
 182.70 -99999999 -99999999 -9999999 -9999999 -99999
 183.90 -99999999 -99999999 -9999999 -9999999 -99999
 185.10 -99999999 -99999999 -9999999 -9999999 -99999
 186.30 -99999999 -99999999 -9999999 -9999999 -99999
 187.50 -99999999 -99999999 -9999999 -9999999 -99999
 188.70 -99999999 -99999999 -9999999 -9999999 -99999
 189.90 -99999999 -99999999 -9999999 -9999999 -99999
 191.10 -99999999 -99999999 -9999999 -9999999 -99999
