#DataName: Atmospheric Wind and Refractive Index Structure Constant
#CopyRight: Chinese Meridian Project
#Station: OQZQB(108.66E,22.10N,23m)
#Instrument: MST Radar
#Producer: Wuhan University
#FileCreateTime: 2024-04-14T12:16:29
#DataLevel: L2
#DataVersion: V01.00
#DataStartTime: 2024-04-14T12:00:00.000
#DataEndTime: 2024-04-14T12:16:05.000
#RecordNumber: 200
#QualityFlag: 1(1:Okay,2:Caution,3:No-Recommend)
#DeviceState: TansInputPower=800kW, WellRAntennaNum=1261, WellTAntennaNum=997
#DeviceSpec: Freq=50.00MHz, PkPower=1994kW, RAntennaNum=1261, TAntennaNum=997, BeamWidth=4.5deg, Rband=1.0MHz
#ObsParameters: PlsWidth=8.00us, PlsCode=8-bit Complementary, PRF=625.00Hz, PlsAccum=4, Range=240km, GateNum=200, Rmin=300m, EleAngle=15.0deg, BeamOrder=SZNEW, nFFT=1024, SpAverage=8
#Height(km): The Height Level of the Wind Data, F7.2, missingdata=NaN
#Horiz WS(m/s): Horizontal Wind Speed in m/s, F8.2, missingdata=-99999999
#Horiz_WD(m/s): Horizontal Direction in Degree, Clockwise from Due North, F8.2, missingdata=-99999999
#Verti_V(m/s): Vertical Velocity in m/s, F7.2, missingdata=-9999999
#Cn2(dB): Atmospheric Refractive index Structure Constant in dB, F7.2, missingdata=-9999999
#Credi: Credibility of Data, I5.3, missingdata=-99999
#-------------------------------------------------------------------
 Height Horiz_WS Horiz_WD Verti_V     Cn2 Credi
   0.30    11.15   289.95   -0.03 -175.55    80
   1.50 -99999999 -99999999 -9999999 -164.98 -99999
   2.70    11.67   259.11   -0.04 -156.00   100
   3.90    12.58   255.53    0.00 -150.21   100
   5.10    12.96   254.06   -0.01 -148.78   100
   6.30    13.08   253.95    0.02 -147.79   100
   7.50    13.47   255.04    0.01 -148.07   100
   8.70    14.17   255.04    0.04 -149.06    81
   9.90    13.65   253.27    0.01 -150.05   100
  11.10    13.56   254.54    0.01 -150.82   100
  12.30    14.15   256.23    0.03 -151.71   100
  13.50    14.97   256.16    0.12 -153.13   100
  14.70    15.47   256.54    0.22 -152.57   100
  15.90    11.43   249.04    1.03 -152.57   100
  17.10    10.77   280.90    1.83 -153.37    78
  18.30    12.18   310.19    2.60 -157.92   100
  19.50     8.57    11.00    3.27 -162.17    86
  20.70     4.10   331.55    2.25 -166.53    96
  21.90     6.91   303.39    1.23 -166.54    94
  23.10     5.77   257.14    0.11 -166.27    72
  24.30     5.27   253.07    0.11 -167.05    89
  25.50     3.74   246.61    0.02 -166.72    70
  26.70     1.82   138.99    0.00 -167.37    82
  27.90    45.35    91.98    4.58 -169.29    89
  29.10    45.37    92.50    4.55 -171.38    88
  30.30    44.83    91.36    4.45 -173.20    94
  31.50     3.59   311.45   -0.99 -174.09    73
  32.70 -99999999 -99999999 -9999999 -174.89 -99999
  33.90 -99999999 -99999999 -9999999 -174.82 -99999
  35.10 -99999999 -99999999 -9999999 -175.52 -99999
  36.30     0.92   344.24   -0.74 -175.52    42
  37.50 -99999999 -99999999 -9999999 -175.82 -99999
  38.70 -99999999 -99999999 -9999999 -9999999 -99999
  39.90 -99999999 -99999999 -9999999 -9999999 -99999
  41.10 -99999999 -99999999 -9999999 -9999999 -99999
  42.30 -99999999 -99999999 -9999999 -9999999 -99999
  43.50 -99999999 -99999999 -9999999 -9999999 -99999
  44.70 -99999999 -99999999 -9999999 -9999999 -99999
  45.90 -99999999 -99999999 -9999999 -9999999 -99999
  47.10 -99999999 -99999999 -9999999 -9999999 -99999
  48.30 -99999999 -99999999 -9999999 -9999999 -99999
  49.50 -99999999 -99999999 -9999999 -9999999 -99999
  50.70 -99999999 -99999999 -9999999 -9999999 -99999
  51.90 -99999999 -99999999 -9999999 -9999999 -99999
  53.10 -99999999 -99999999 -9999999 -9999999 -99999
  54.30 -99999999 -99999999 -9999999 -9999999 -99999
  55.50 -99999999 -99999999 -9999999 -9999999 -99999
  56.70 -99999999 -99999999 -9999999 -9999999 -99999
  57.90 -99999999 -99999999 -9999999 -9999999 -99999
  59.10 -99999999 -99999999 -9999999 -9999999 -99999
  60.30 -99999999 -99999999 -9999999 -9999999 -99999
  61.50 -99999999 -99999999 -9999999 -9999999 -99999
  62.70 -99999999 -99999999 -9999999 -9999999 -99999
  63.90 -99999999 -99999999 -9999999 -9999999 -99999
  65.10 -99999999 -99999999 -9999999 -9999999 -99999
  66.30 -99999999 -99999999 -9999999 -9999999 -99999
  67.50 -99999999 -99999999 -9999999 -9999999 -99999
  68.70 -99999999 -99999999 -9999999 -9999999 -99999
  69.90 -99999999 -99999999 -9999999 -9999999 -99999
  71.10 -99999999 -99999999 -9999999 -9999999 -99999
  72.30 -99999999 -99999999 -9999999 -9999999 -99999
  73.50 -99999999 -99999999 -9999999 -9999999 -99999
  74.70 -99999999 -99999999 -9999999 -9999999 -99999
  75.90 -99999999 -99999999 -9999999 -9999999 -99999
  77.10 -99999999 -99999999 -9999999 -9999999 -99999
  78.30 -99999999 -99999999 -9999999 -9999999 -99999
  79.50 -99999999 -99999999 -9999999 -9999999 -99999
  80.70 -99999999 -99999999 -9999999 -9999999 -99999
  81.90 -99999999 -99999999 -9999999 -9999999 -99999
  83.10 -99999999 -99999999 -9999999 -9999999 -99999
  84.30 -99999999 -99999999 -9999999 -9999999 -99999
  85.50    90.04   223.66   -8.52 -9999999    23
  86.70    90.04   223.66   -8.52 -9999999    77
  87.90    71.41   247.46    1.60 -9999999    35
  89.10    46.41   126.15    1.60 -9999999    60
  90.30 -99999999 -99999999 -9999999 -9999999 -99999
  91.50 -99999999 -99999999 -9999999 -9999999 -99999
  92.70 -99999999 -99999999 -9999999 -9999999 -99999
  93.90 -99999999 -99999999 -9999999 -9999999 -99999
  95.10    68.76   119.41   21.60 -9999999    66
  96.30    90.88   111.81   21.60 -9999999    38
  97.50 -99999999 -99999999 -9999999 -9999999 -99999
  98.70 -99999999 -99999999 -9999999 -9999999 -99999
  99.90 -99999999 -99999999 -9999999 -9999999 -99999
 101.10 -99999999 -99999999 -9999999 -9999999 -99999
 102.30 -99999999 -99999999 -9999999 -9999999 -99999
 103.50 -99999999 -99999999 -9999999 -9999999 -99999
 104.70 -99999999 -99999999 -9999999 -9999999 -99999
 105.90 -99999999 -99999999 -9999999 -9999999 -99999
 107.10 -99999999 -99999999 -9999999 -9999999 -99999
 108.30 -99999999 -99999999 -9999999 -9999999 -99999
 109.50 -99999999 -99999999 -9999999 -9999999 -99999
 110.70 -99999999 -99999999 -9999999 -9999999 -99999
 111.90 -99999999 -99999999 -9999999 -9999999 -99999
 113.10   164.53   245.27   -0.64 -175.35    57
 114.30   148.70   242.42   -0.64 -175.35    47
 115.50   138.13   241.67    0.24 -175.35    53
 116.70   126.81   234.72    5.08 -175.35    56
 117.90   161.84   188.19   21.47 -9999999    63
 119.10   154.59   188.87   21.61 -9999999    33
 120.30     3.14   289.74   17.96 -9999999    27
 121.50 -99999999 -99999999 -9999999 -9999999 -99999
 122.70 -99999999 -99999999 -9999999 -9999999 -99999
 123.90 -99999999 -99999999 -9999999 -9999999 -99999
 125.10 -99999999 -99999999 -9999999 -9999999 -99999
 126.30 -99999999 -99999999 -9999999 -9999999 -99999
 127.50 -99999999 -99999999 -9999999 -9999999 -99999
 128.70 -99999999 -99999999 -9999999 -9999999 -99999
 129.90 -99999999 -99999999 -9999999 -9999999 -99999
 131.10 -99999999 -99999999 -9999999 -9999999 -99999
 132.30 -99999999 -99999999 -9999999 -9999999 -99999
 133.50 -99999999 -99999999 -9999999 -9999999 -99999
 134.70 -99999999 -99999999 -9999999 -9999999 -99999
 135.90 -99999999 -99999999 -9999999 -9999999 -99999
 137.10 -99999999 -99999999 -9999999 -9999999 -99999
 138.30 -99999999 -99999999 -9999999 -9999999 -99999
 139.50 -99999999 -99999999 -9999999 -9999999 -99999
 140.70 -99999999 -99999999 -9999999 -9999999 -99999
 141.90 -99999999 -99999999 -9999999 -9999999 -99999
 143.10 -99999999 -99999999 -9999999 -9999999 -99999
 144.30 -99999999 -99999999 -9999999 -9999999 -99999
 145.50 -99999999 -99999999 -9999999 -9999999 -99999
 146.70 -99999999 -99999999 -9999999 -9999999 -99999
 147.90 -99999999 -99999999 -9999999 -9999999 -99999
 149.10 -99999999 -99999999 -9999999 -9999999 -99999
 150.30 -99999999 -99999999 -9999999 -9999999 -99999
 151.50 -99999999 -99999999 -9999999 -9999999 -99999
 152.70 -99999999 -99999999 -9999999 -9999999 -99999
 153.90 -99999999 -99999999 -9999999 -9999999 -99999
 155.10 -99999999 -99999999 -9999999 -9999999 -99999
 156.30 -99999999 -99999999 -9999999 -9999999 -99999
 157.50 -99999999 -99999999 -9999999 -9999999 -99999
 158.70 -99999999 -99999999 -9999999 -9999999 -99999
 159.90 -99999999 -99999999 -9999999 -9999999 -99999
 161.10 -99999999 -99999999 -9999999 -9999999 -99999
 162.30 -99999999 -99999999 -9999999 -9999999 -99999
 163.50 -99999999 -99999999 -9999999 -9999999 -99999
 164.70 -99999999 -99999999 -9999999 -9999999 -99999
 165.90 -99999999 -99999999 -9999999 -9999999 -99999
 167.10 -99999999 -99999999 -9999999 -9999999 -99999
 168.30 -99999999 -99999999 -9999999 -9999999 -99999
 169.50 -99999999 -99999999 -9999999 -9999999 -99999
 170.70 -99999999 -99999999 -9999999 -9999999 -99999
 171.90 -99999999 -99999999 -9999999 -9999999 -99999
 173.10 -99999999 -99999999 -9999999 -9999999 -99999
 174.30 -99999999 -99999999 -9999999 -9999999 -99999
 175.50 -99999999 -99999999 -9999999 -9999999 -99999
 176.70 -99999999 -99999999 -9999999 -9999999 -99999
 177.90 -99999999 -99999999 -9999999 -9999999 -99999
 179.10 -99999999 -99999999 -9999999 -9999999 -99999
 180.30 -99999999 -99999999 -9999999 -9999999 -99999
 181.50 -99999999 -99999999 -9999999 -9999999 -99999
 182.70 -99999999 -99999999 -9999999 -9999999 -99999
 183.90 -99999999 -99999999 -9999999 -9999999 -99999
 185.10 -99999999 -99999999 -9999999 -9999999 -99999
 186.30 -99999999 -99999999 -9999999 -9999999 -99999
 187.50 -99999999 -99999999 -9999999 -9999999 -99999
 188.70 -99999999 -99999999 -9999999 -9999999 -99999
 189.90 -99999999 -99999999 -9999999 -9999999 -99999
 191.10 -99999999 -99999999 -9999999 -9999999 -99999
 192.30 -99999999 -99999999 -9999999 -9999999 -99999
 193.50 -99999999 -99999999 -9999999 -9999999 -99999
 194.70 -99999999 -99999999 -9999999 -9999999 -99999
 195.90 -99999999 -99999999 -9999999 -9999999 -99999
 197.10 -99999999 -99999999 -9999999 -9999999 -99999
 198.30 -99999999 -99999999 -9999999 -9999999 -99999
 199.50 -99999999 -99999999 -9999999 -9999999 -99999
 200.70 -99999999 -99999999 -9999999 -9999999 -99999
 201.90 -99999999 -99999999 -9999999 -9999999 -99999
 203.10 -99999999 -99999999 -9999999 -9999999 -99999
 204.30 -99999999 -99999999 -9999999 -9999999 -99999
 205.50 -99999999 -99999999 -9999999 -9999999 -99999
 206.70 -99999999 -99999999 -9999999 -9999999 -99999
 207.90 -99999999 -99999999 -9999999 -9999999 -99999
 209.10 -99999999 -99999999 -9999999 -9999999 -99999
 210.30 -99999999 -99999999 -9999999 -9999999 -99999
 211.50 -99999999 -99999999 -9999999 -9999999 -99999
 212.70 -99999999 -99999999 -9999999 -9999999 -99999
 213.90 -99999999 -99999999 -9999999 -9999999 -99999
 215.10 -99999999 -99999999 -9999999 -9999999 -99999
 216.30 -99999999 -99999999 -9999999 -9999999 -99999
 217.50 -99999999 -99999999 -9999999 -9999999 -99999
 218.70 -99999999 -99999999 -9999999 -9999999 -99999
 219.90 -99999999 -99999999 -9999999 -9999999 -99999
 221.10 -99999999 -99999999 -9999999 -9999999 -99999
 222.30 -99999999 -99999999 -9999999 -9999999 -99999
 223.50 -99999999 -99999999 -9999999 -9999999 -99999
 224.70 -99999999 -99999999 -9999999 -9999999 -99999
 225.90 -99999999 -99999999 -9999999 -9999999 -99999
 227.10 -99999999 -99999999 -9999999 -9999999 -99999
 228.30 -99999999 -99999999 -9999999 -9999999 -99999
 229.50 -99999999 -99999999 -9999999 -9999999 -99999
 230.70 -99999999 -99999999 -9999999 -9999999 -99999
 231.90 -99999999 -99999999 -9999999 -9999999 -99999
 233.10 -99999999 -99999999 -9999999 -9999999 -99999
 234.30 -99999999 -99999999 -9999999 -9999999 -99999
 235.50 -99999999 -99999999 -9999999 -9999999 -99999
 236.70 -99999999 -99999999 -9999999 -9999999 -99999
 237.90 -99999999 -99999999 -9999999 -9999999 -99999
 239.10 -99999999 -99999999 -9999999 -9999999 -99999
