#DataName: Atmospheric Wind and Refractive Index Structure Constant
#CopyRight: Chinese Meridian Project
#Station: OQZQB(108.66E,22.10N,23m)
#Instrument: MST Radar
#Producer: Wuhan University
#FileCreateTime: 2024-04-17T04:45:33
#DataLevel: L2
#DataVersion: V01.00
#DataStartTime: 2024-04-17T04:30:00.000
#DataEndTime: 2024-04-17T04:45:17.000
#RecordNumber: 160
#QualityFlag: 1(1:Okay,2:Caution,3:No-Recommend)
#DeviceState: TansInputPower=800kW, WellRAntennaNum=1261, WellTAntennaNum=997
#DeviceSpec: Freq=50.00MHz, PkPower=1994kW, RAntennaNum=1261, TAntennaNum=997, BeamWidth=4.5deg, Rband=1.0MHz
#ObsParameters: PlsWidth=8.00us, PlsCode=8-bit Complementary, PRF=781.25Hz, PlsAccum=4, Range=192km, GateNum=160, Rmin=300m, EleAngle=15.0deg, BeamOrder=SZNEW, nFFT=1024, SpAverage=8
#Height(km): The Height Level of the Wind Data, F7.2, missingdata=NaN
#Horiz WS(m/s): Horizontal Wind Speed in m/s, F8.2, missingdata=-99999999
#Horiz_WD(m/s): Horizontal Direction in Degree, Clockwise from Due North, F8.2, missingdata=-99999999
#Verti_V(m/s): Vertical Velocity in m/s, F7.2, missingdata=-9999999
#Cn2(dB): Atmospheric Refractive index Structure Constant in dB, F7.2, missingdata=-9999999
#Credi: Credibility of Data, I5.3, missingdata=-99999
#-------------------------------------------------------------------
 Height Horiz_WS Horiz_WD Verti_V     Cn2 Credi
   0.30     6.24     7.90    0.23 -171.23    84
   1.50     0.26   305.30   -0.06 -159.48    89
   2.70     4.41   252.66    0.19 -153.60    84
   3.90     6.55   251.90    0.32 -147.85    78
   5.10     9.73   235.83   -0.01 -147.85    66
   6.30     8.06   254.57    0.06 -148.45    66
   7.50     9.39   255.22   -0.11 -149.23    85
   8.70     9.46   255.75   -0.11 -150.22    89
   9.90    16.39   261.62    0.63 -151.45    94
  11.10    12.98   259.69   -0.12 -153.41    78
  12.30    20.20   263.14    0.22 -155.24   100
  13.50    22.41   263.03   -0.03 -157.52    89
  14.70    22.90   262.93   -0.09 -157.52   100
  15.90    22.44   263.31   -0.03 -158.00    85
  17.10    21.13   275.36    0.03 -159.47    89
  18.30    15.41   288.28   -0.38 -160.24    94
  19.50     7.27   294.47   -0.37 -161.81    94
  20.70     3.64   325.72   -0.21 -162.53   100
  21.90     5.69    91.86   -0.21 -164.97   100
  23.10     9.66   102.03   -0.22 -164.97   100
  24.30    12.54   101.29   -0.11 -166.22   100
  25.50    13.20   107.22   -0.10 -171.04    81
  26.70    12.92   104.65    0.01 -169.17    68
  27.90    12.00   105.19    0.00 -9999999    60
  29.10    11.01    94.95    0.43 -9999999    49
  30.30    10.82    96.61    0.42 -9999999    67
  31.50 -99999999 -99999999 -9999999 -9999999 -99999
  32.70 -99999999 -99999999 -9999999 -9999999 -99999
  33.90 -99999999 -99999999 -9999999 -9999999 -99999
  35.10 -99999999 -99999999 -9999999 -9999999 -99999
  36.30 -99999999 -99999999 -9999999 -9999999 -99999
  37.50 -99999999 -99999999 -9999999 -9999999 -99999
  38.70 -99999999 -99999999 -9999999 -9999999 -99999
  39.90 -99999999 -99999999 -9999999 -9999999 -99999
  41.10 -99999999 -99999999 -9999999 -9999999 -99999
  42.30 -99999999 -99999999 -9999999 -9999999 -99999
  43.50 -99999999 -99999999 -9999999 -9999999 -99999
  44.70 -99999999 -99999999 -9999999 -9999999 -99999
  45.90 -99999999 -99999999 -9999999 -9999999 -99999
  47.10 -99999999 -99999999 -9999999 -9999999 -99999
  48.30 -99999999 -99999999 -9999999 -9999999 -99999
  49.50 -99999999 -99999999 -9999999 -9999999 -99999
  50.70 -99999999 -99999999 -9999999 -9999999 -99999
  51.90 -99999999 -99999999 -9999999 -9999999 -99999
  53.10 -99999999 -99999999 -9999999 -9999999 -99999
  54.30 -99999999 -99999999 -9999999 -9999999 -99999
  55.50 -99999999 -99999999 -9999999 -9999999 -99999
  56.70 -99999999 -99999999 -9999999 -9999999 -99999
  57.90 -99999999 -99999999 -9999999 -9999999 -99999
  59.10 -99999999 -99999999 -9999999 -9999999 -99999
  60.30 -99999999 -99999999 -9999999 -9999999 -99999
  61.50 -99999999 -99999999 -9999999 -9999999 -99999
  62.70 -99999999 -99999999 -9999999 -172.00 -99999
  63.90 -99999999 -99999999 -9999999 -172.80 -99999
  65.10    18.11   263.15    0.15 -169.56    42
  66.30    10.72   275.69    1.68 -170.03    94
  67.50    10.63   307.98    0.71 -170.64    72
  68.70    10.93   348.40    0.47 -167.94    90
  69.90    11.16     7.06    0.40 -164.35    95
  71.10    13.27    33.55   -0.57 -163.76   100
  72.30    19.03    64.85   -0.42 -162.86    78
  73.50    27.59    75.42    0.05 -160.99    87
  74.70    32.75    80.95    0.56 -160.61    96
  75.90    39.14    79.84    0.98 -161.31    80
  77.10    44.40    80.16    1.49 -9999999    78
  78.30    58.62    81.96    0.46 -9999999    63
  79.50 -99999999 -99999999 -9999999 -9999999 -99999
  80.70 -99999999 -99999999 -9999999 -163.46 -99999
  81.90 -99999999 -99999999 -9999999 -164.43 -99999
  83.10    78.14    92.80    2.93 -165.01    80
  84.30    61.96    98.16    3.70 -168.59    94
  85.50    22.53   140.40    7.17 -170.76    89
  86.70    25.56   176.61    4.83 -173.74    80
  87.90    58.32   202.24    4.69 -174.97    72
  89.10    79.83   210.25    3.85 -174.83    60
  90.30    84.06   214.73    2.77 -175.22    98
  91.50    71.07   198.07   -2.93 -175.35    83
  92.70    49.03   219.13   -5.25 -175.23    68
  93.90    35.37   241.60   -6.79 -175.23    32
  95.10    34.45   258.96   -5.02 -175.31    31
  96.30    28.74    38.97   -7.92 -175.24    23
  97.50    46.54   354.56   -0.51 -175.32    34
  98.70    91.69    37.94   -4.71 -175.47    31
  99.90   112.88    40.77   -7.82 -175.50    43
 101.10   128.69    39.85   -5.47 -175.45    20
 102.30   116.91    35.81   -3.88 -175.59    39
 103.50   101.39    37.88    1.02 -175.51    26
 104.70    59.45    51.69    2.68 -9999999    27
 105.90    46.09   163.22   14.78 -9999999    64
 107.10    92.98   222.02   30.59 -9999999    58
 108.30 -99999999 -99999999 -9999999 -9999999 -99999
 109.50 -99999999 -99999999 -9999999 -9999999 -99999
 110.70 -99999999 -99999999 -9999999 -9999999 -99999
 111.90 -99999999 -99999999 -9999999 -9999999 -99999
 113.10 -99999999 -99999999 -9999999 -9999999 -99999
 114.30 -99999999 -99999999 -9999999 -9999999 -99999
 115.50 -99999999 -99999999 -9999999 -9999999 -99999
 116.70 -99999999 -99999999 -9999999 -9999999 -99999
 117.90 -99999999 -99999999 -9999999 -9999999 -99999
 119.10 -99999999 -99999999 -9999999 -9999999 -99999
 120.30 -99999999 -99999999 -9999999 -9999999 -99999
 121.50 -99999999 -99999999 -9999999 -9999999 -99999
 122.70 -99999999 -99999999 -9999999 -9999999 -99999
 123.90 -99999999 -99999999 -9999999 -9999999 -99999
 125.10 -99999999 -99999999 -9999999 -9999999 -99999
 126.30 -99999999 -99999999 -9999999 -9999999 -99999
 127.50 -99999999 -99999999 -9999999 -9999999 -99999
 128.70 -99999999 -99999999 -9999999 -9999999 -99999
 129.90 -99999999 -99999999 -9999999 -9999999 -99999
 131.10 -99999999 -99999999 -9999999 -9999999 -99999
 132.30 -99999999 -99999999 -9999999 -9999999 -99999
 133.50 -99999999 -99999999 -9999999 -9999999 -99999
 134.70 -99999999 -99999999 -9999999 -9999999 -99999
 135.90 -99999999 -99999999 -9999999 -9999999 -99999
 137.10 -99999999 -99999999 -9999999 -9999999 -99999
 138.30 -99999999 -99999999 -9999999 -9999999 -99999
 139.50 -99999999 -99999999 -9999999 -9999999 -99999
 140.70 -99999999 -99999999 -9999999 -9999999 -99999
 141.90 -99999999 -99999999 -9999999 -9999999 -99999
 143.10 -99999999 -99999999 -9999999 -9999999 -99999
 144.30 -99999999 -99999999 -9999999 -9999999 -99999
 145.50 -99999999 -99999999 -9999999 -9999999 -99999
 146.70 -99999999 -99999999 -9999999 -9999999 -99999
 147.90 -99999999 -99999999 -9999999 -9999999 -99999
 149.10 -99999999 -99999999 -9999999 -9999999 -99999
 150.30 -99999999 -99999999 -9999999 -9999999 -99999
 151.50 -99999999 -99999999 -9999999 -9999999 -99999
 152.70 -99999999 -99999999 -9999999 -9999999 -99999
 153.90 -99999999 -99999999 -9999999 -9999999 -99999
 155.10 -99999999 -99999999 -9999999 -9999999 -99999
 156.30 -99999999 -99999999 -9999999 -9999999 -99999
 157.50 -99999999 -99999999 -9999999 -9999999 -99999
 158.70 -99999999 -99999999 -9999999 -9999999 -99999
 159.90 -99999999 -99999999 -9999999 -9999999 -99999
 161.10 -99999999 -99999999 -9999999 -9999999 -99999
 162.30 -99999999 -99999999 -9999999 -9999999 -99999
 163.50 -99999999 -99999999 -9999999 -9999999 -99999
 164.70 -99999999 -99999999 -9999999 -9999999 -99999
 165.90 -99999999 -99999999 -9999999 -9999999 -99999
 167.10 -99999999 -99999999 -9999999 -9999999 -99999
 168.30 -99999999 -99999999 -9999999 -9999999 -99999
 169.50 -99999999 -99999999 -9999999 -9999999 -99999
 170.70 -99999999 -99999999 -9999999 -9999999 -99999
 171.90 -99999999 -99999999 -9999999 -9999999 -99999
 173.10 -99999999 -99999999 -9999999 -9999999 -99999
 174.30 -99999999 -99999999 -9999999 -9999999 -99999
 175.50 -99999999 -99999999 -9999999 -9999999 -99999
 176.70 -99999999 -99999999 -9999999 -9999999 -99999
 177.90 -99999999 -99999999 -9999999 -9999999 -99999
 179.10 -99999999 -99999999 -9999999 -9999999 -99999
 180.30 -99999999 -99999999 -9999999 -9999999 -99999
 181.50 -99999999 -99999999 -9999999 -9999999 -99999
 182.70 -99999999 -99999999 -9999999 -9999999 -99999
 183.90 -99999999 -99999999 -9999999 -9999999 -99999
 185.10 -99999999 -99999999 -9999999 -9999999 -99999
 186.30 -99999999 -99999999 -9999999 -9999999 -99999
 187.50 -99999999 -99999999 -9999999 -9999999 -99999
 188.70 -99999999 -99999999 -9999999 -9999999 -99999
 189.90 -99999999 -99999999 -9999999 -9999999 -99999
 191.10 -99999999 -99999999 -9999999 -9999999 -99999
