#DataName: Atmospheric Wind and Refractive Index Structure Constant
#CopyRight: Chinese Meridian Project
#Station: OQZQB(108.66E,22.10N,23m)
#Instrument: MST Radar
#Producer: Wuhan University
#FileCreateTime: 2024-04-10T03:45:29
#DataLevel: L2
#DataVersion: V01.00
#DataStartTime: 2024-04-10T03:30:00.000
#DataEndTime: 2024-04-10T03:45:18.000
#RecordNumber: 160
#QualityFlag: 1(1:Okay,2:Caution,3:No-Recommend)
#DeviceState: TansInputPower=800kW, WellRAntennaNum=1261, WellTAntennaNum=997
#DeviceSpec: Freq=50.00MHz, PkPower=1994kW, RAntennaNum=1261, TAntennaNum=997, BeamWidth=4.5deg, Rband=1.0MHz
#ObsParameters: PlsWidth=8.00us, PlsCode=8-bit Complementary, PRF=781.25Hz, PlsAccum=4, Range=192km, GateNum=160, Rmin=300m, EleAngle=15.0deg, BeamOrder=SZNEW, nFFT=1024, SpAverage=8
#Height(km): The Height Level of the Wind Data, F7.2, missingdata=NaN
#Horiz WS(m/s): Horizontal Wind Speed in m/s, F8.2, missingdata=-99999999
#Horiz_WD(m/s): Horizontal Direction in Degree, Clockwise from Due North, F8.2, missingdata=-99999999
#Verti_V(m/s): Vertical Velocity in m/s, F7.2, missingdata=-9999999
#Cn2(dB): Atmospheric Refractive index Structure Constant in dB, F7.2, missingdata=-9999999
#Credi: Credibility of Data, I5.3, missingdata=-99999
#-------------------------------------------------------------------
 Height Horiz_WS Horiz_WD Verti_V     Cn2 Credi
   0.30     8.66    71.05   -0.46 -180.16    84
   1.50     0.18    14.60   -0.08 -166.11    89
   2.70     3.22   249.31    0.14 -156.64    84
   3.90     6.17   210.92   -0.12 -151.90    73
   5.10 -99999999 -99999999 -9999999 -151.74 -99999
   6.30 -99999999 -99999999 -9999999 -151.74 -99999
   7.50    14.00   255.76    0.61 -150.23    75
   8.70    15.79   255.87    0.74 -151.72   100
   9.90    18.60   252.50    0.64 -152.58   100
  11.10    21.24   251.39    0.25 -154.96    89
  12.30    28.06   254.77    0.18 -156.54    94
  13.50    29.62   253.76   -0.11 -158.95    89
  14.70    23.92   287.81   -2.54 -159.43   100
  15.90    23.11   289.88   -2.53 -159.76   100
  17.10    20.36   295.69   -2.35 -159.67   100
  18.30    15.10   309.78   -2.59 -159.87    94
  19.50    10.08   241.76   -0.79 -160.13   100
  20.70     6.88   239.29   -0.35 -162.33   100
  21.90     1.75   178.66   -0.43 -165.53   100
  23.10     5.82   107.49   -0.33 -165.53   100
  24.30     7.97    97.95   -0.19 -169.05   100
  25.50     9.06    95.17   -0.07 -170.89   100
  26.70    10.07    88.50    0.05 -172.40    71
  27.90    33.17    19.87    0.03 -9999999    60
  29.10 -99999999 -99999999 -9999999 -9999999 -99999
  30.30 -99999999 -99999999 -9999999 -9999999 -99999
  31.50 -99999999 -99999999 -9999999 -9999999 -99999
  32.70 -99999999 -99999999 -9999999 -9999999 -99999
  33.90 -99999999 -99999999 -9999999 -9999999 -99999
  35.10 -99999999 -99999999 -9999999 -9999999 -99999
  36.30 -99999999 -99999999 -9999999 -9999999 -99999
  37.50 -99999999 -99999999 -9999999 -9999999 -99999
  38.70 -99999999 -99999999 -9999999 -9999999 -99999
  39.90 -99999999 -99999999 -9999999 -9999999 -99999
  41.10 -99999999 -99999999 -9999999 -9999999 -99999
  42.30 -99999999 -99999999 -9999999 -9999999 -99999
  43.50 -99999999 -99999999 -9999999 -9999999 -99999
  44.70 -99999999 -99999999 -9999999 -9999999 -99999
  45.90 -99999999 -99999999 -9999999 -9999999 -99999
  47.10 -99999999 -99999999 -9999999 -9999999 -99999
  48.30 -99999999 -99999999 -9999999 -9999999 -99999
  49.50 -99999999 -99999999 -9999999 -9999999 -99999
  50.70 -99999999 -99999999 -9999999 -9999999 -99999
  51.90 -99999999 -99999999 -9999999 -9999999 -99999
  53.10 -99999999 -99999999 -9999999 -9999999 -99999
  54.30 -99999999 -99999999 -9999999 -9999999 -99999
  55.50 -99999999 -99999999 -9999999 -9999999 -99999
  56.70 -99999999 -99999999 -9999999 -9999999 -99999
  57.90 -99999999 -99999999 -9999999 -9999999 -99999
  59.10 -99999999 -99999999 -9999999 -9999999 -99999
  60.30 -99999999 -99999999 -9999999 -9999999 -99999
  61.50 -99999999 -99999999 -9999999 -9999999 -99999
  62.70 -99999999 -99999999 -9999999 -172.81 -99999
  63.90 -99999999 -99999999 -9999999 -169.04 -99999
  65.10    27.05   308.74    0.37 -167.74    75
  66.30    19.70   263.62    0.89 -169.16    40
  67.50    16.82   246.94    1.24 -168.87    82
  68.70    15.23   239.25    0.77 -168.87   100
  69.90    12.96   229.03    1.09 -168.82   100
  71.10     7.78   223.82    1.33 -171.19    82
  72.30     4.34   260.76    1.22 -172.25    72
  73.50    14.12   346.95    0.27 -172.75    73
  74.70 -99999999 -99999999 -9999999 -172.78 -99999
  75.90    40.72    60.45    0.99 -172.78    73
  77.10 -99999999 -99999999 -9999999 -173.06 -99999
  78.30    65.21    65.24    0.03 -171.95    74
  79.50    64.39    74.11    0.62 -171.16    63
  80.70    64.61    85.84    1.53 -169.27    83
  81.90    59.64    90.38    2.37 -9999999   100
  83.10    59.64    90.38    2.38 -9999999    89
  84.30    55.80    92.06    3.92 -9999999    78
  85.50 -99999999 -99999999 -9999999 -173.31 -99999
  86.70 -99999999 -99999999 -9999999 -174.05 -99999
  87.90    73.70   102.84   -2.12 -174.05    60
  89.10    60.95   105.59   -0.73 -174.54    88
  90.30    52.14   119.10    1.57 -175.41    78
  91.50    44.81   112.50    3.52 -175.67    51
  92.70    38.82   103.05    5.08 -175.79    43
  93.90     9.95   151.67    5.45 -175.79    59
  95.10    36.95   298.95    1.22 -175.68    59
  96.30    56.55   291.92    1.87 -175.57    37
  97.50    72.43   290.04    2.35 -175.29    38
  98.70    79.81   297.76   -1.25 -175.12    28
  99.90    92.11   301.11   -3.38 -175.53    36
 101.10    92.14   299.85   -4.59 -175.53    30
 102.30    98.71   303.44   -5.51 -173.17    48
 103.50    75.69   316.83   -4.42 -173.17    35
 104.70    90.59   167.46   46.70 -173.17    41
 105.90   294.53   218.06   96.65 -173.17    60
 107.10   207.49   241.06   96.65 -9999999     0
 108.30 -99999999 -99999999 -9999999 -9999999 -99999
 109.50 -99999999 -99999999 -9999999 -9999999 -99999
 110.70 -99999999 -99999999 -9999999 -9999999 -99999
 111.90 -99999999 -99999999 -9999999 -9999999 -99999
 113.10 -99999999 -99999999 -9999999 -9999999 -99999
 114.30 -99999999 -99999999 -9999999 -9999999 -99999
 115.50 -99999999 -99999999 -9999999 -9999999 -99999
 116.70 -99999999 -99999999 -9999999 -9999999 -99999
 117.90 -99999999 -99999999 -9999999 -9999999 -99999
 119.10 -99999999 -99999999 -9999999 -9999999 -99999
 120.30 -99999999 -99999999 -9999999 -9999999 -99999
 121.50 -99999999 -99999999 -9999999 -9999999 -99999
 122.70 -99999999 -99999999 -9999999 -9999999 -99999
 123.90 -99999999 -99999999 -9999999 -9999999 -99999
 125.10 -99999999 -99999999 -9999999 -9999999 -99999
 126.30 -99999999 -99999999 -9999999 -9999999 -99999
 127.50 -99999999 -99999999 -9999999 -9999999 -99999
 128.70 -99999999 -99999999 -9999999 -9999999 -99999
 129.90 -99999999 -99999999 -9999999 -9999999 -99999
 131.10 -99999999 -99999999 -9999999 -9999999 -99999
 132.30 -99999999 -99999999 -9999999 -9999999 -99999
 133.50 -99999999 -99999999 -9999999 -9999999 -99999
 134.70 -99999999 -99999999 -9999999 -9999999 -99999
 135.90 -99999999 -99999999 -9999999 -9999999 -99999
 137.10 -99999999 -99999999 -9999999 -9999999 -99999
 138.30 -99999999 -99999999 -9999999 -9999999 -99999
 139.50 -99999999 -99999999 -9999999 -9999999 -99999
 140.70 -99999999 -99999999 -9999999 -9999999 -99999
 141.90 -99999999 -99999999 -9999999 -9999999 -99999
 143.10 -99999999 -99999999 -9999999 -9999999 -99999
 144.30 -99999999 -99999999 -9999999 -9999999 -99999
 145.50 -99999999 -99999999 -9999999 -9999999 -99999
 146.70 -99999999 -99999999 -9999999 -9999999 -99999
 147.90 -99999999 -99999999 -9999999 -9999999 -99999
 149.10 -99999999 -99999999 -9999999 -9999999 -99999
 150.30 -99999999 -99999999 -9999999 -9999999 -99999
 151.50 -99999999 -99999999 -9999999 -9999999 -99999
 152.70 -99999999 -99999999 -9999999 -9999999 -99999
 153.90 -99999999 -99999999 -9999999 -9999999 -99999
 155.10 -99999999 -99999999 -9999999 -9999999 -99999
 156.30 -99999999 -99999999 -9999999 -9999999 -99999
 157.50 -99999999 -99999999 -9999999 -9999999 -99999
 158.70 -99999999 -99999999 -9999999 -9999999 -99999
 159.90 -99999999 -99999999 -9999999 -9999999 -99999
 161.10 -99999999 -99999999 -9999999 -9999999 -99999
 162.30 -99999999 -99999999 -9999999 -9999999 -99999
 163.50 -99999999 -99999999 -9999999 -9999999 -99999
 164.70 -99999999 -99999999 -9999999 -9999999 -99999
 165.90 -99999999 -99999999 -9999999 -9999999 -99999
 167.10 -99999999 -99999999 -9999999 -9999999 -99999
 168.30 -99999999 -99999999 -9999999 -9999999 -99999
 169.50 -99999999 -99999999 -9999999 -9999999 -99999
 170.70 -99999999 -99999999 -9999999 -9999999 -99999
 171.90 -99999999 -99999999 -9999999 -9999999 -99999
 173.10 -99999999 -99999999 -9999999 -9999999 -99999
 174.30 -99999999 -99999999 -9999999 -9999999 -99999
 175.50 -99999999 -99999999 -9999999 -9999999 -99999
 176.70 -99999999 -99999999 -9999999 -9999999 -99999
 177.90 -99999999 -99999999 -9999999 -9999999 -99999
 179.10 -99999999 -99999999 -9999999 -9999999 -99999
 180.30 -99999999 -99999999 -9999999 -9999999 -99999
 181.50 -99999999 -99999999 -9999999 -9999999 -99999
 182.70 -99999999 -99999999 -9999999 -9999999 -99999
 183.90 -99999999 -99999999 -9999999 -9999999 -99999
 185.10 -99999999 -99999999 -9999999 -9999999 -99999
 186.30 -99999999 -99999999 -9999999 -9999999 -99999
 187.50 -99999999 -99999999 -9999999 -9999999 -99999
 188.70 -99999999 -99999999 -9999999 -9999999 -99999
 189.90 -99999999 -99999999 -9999999 -9999999 -99999
 191.10 -99999999 -99999999 -9999999 -9999999 -99999
