#DataName: Atmospheric Wind and Refractive Index Structure Constant
#CopyRight: Chinese Meridian Project
#Station: OQZQB(108.66E,22.10N,23m)
#Instrument: MST Radar
#Producer: Wuhan University
#FileCreateTime: 2024-04-12T01:13:36
#DataLevel: L2
#DataVersion: V01.00
#DataStartTime: 2024-04-12T01:10:16.000
#DataEndTime: 2024-04-12T01:13:10.000
#RecordNumber: 80
#QualityFlag: 1(1:Okay,2:Caution,3:No-Recommend)
#DeviceState: TansInputPower=800kW, WellRAntennaNum=1261, WellTAntennaNum=997
#DeviceSpec: Freq=50.00MHz, PkPower=1994kW, RAntennaNum=1261, TAntennaNum=997, BeamWidth=4.5deg, Rband=1.0MHz
#ObsParameters: PlsWidth=4.00us, PlsCode=8-bit Complementary, PRF=3125.00Hz, PlsAccum=32, Range=48km, GateNum=80, Rmin=300m, EleAngle=15.0deg, BeamOrder=SZNEW, nFFT=512, SpAverage=5
#Height(km): The Height Level of the Wind Data, F7.2, missingdata=NaN
#Horiz WS(m/s): Horizontal Wind Speed in m/s, F8.2, missingdata=-99999999
#Horiz_WD(m/s): Horizontal Direction in Degree, Clockwise from Due North, F8.2, missingdata=-99999999
#Verti_V(m/s): Vertical Velocity in m/s, F7.2, missingdata=-9999999
#Cn2(dB): Atmospheric Refractive index Structure Constant in dB, F7.2, missingdata=-9999999
#Credi: Credibility of Data, I5.3, missingdata=-99999
#-------------------------------------------------------------------
 Height Horiz_WS Horiz_WD Verti_V     Cn2 Credi
   0.30     5.18    76.57   -0.17 -167.96    85
   0.90     1.26   236.88   -0.11 -167.96   100
   1.50     5.47   258.02    0.10 -167.96   100
   2.10     8.20   263.37    0.07 -167.96   100
   2.70     8.43   262.30    0.07 -167.96   100
   3.30     7.75   262.57   -0.00 -167.96   100
   3.90     8.02   263.94   -0.07 -167.96   100
   4.50     7.03   261.28   -0.30 -167.96   100
   5.10     7.48   259.44   -0.42 -167.96   100
   5.70    10.70   261.29   -0.42 -168.96   100
   6.30    13.88   260.37   -0.38 -169.97   100
   6.90    15.36   258.86   -0.32 -170.97    80
   7.50    15.79   257.73   -0.25 -170.97   100
   8.10    15.98   258.18   -0.21 -170.97   100
   8.70    16.31   258.42   -0.28 -170.97   100
   9.30    14.23   254.60   -0.58 -170.97    80
   9.90    23.37   257.86   -1.18 -170.97    80
  10.50    33.24   257.38   -1.77 -170.97    40
  11.10    27.58   255.31   -2.38 -170.97    80
  11.70    39.97   260.18   -2.64 -170.97    80
  12.30    36.13   261.30   -1.00 -170.97    80
  12.90    20.57   264.99   -0.42 -170.97    55
  13.50     0.86   261.01   -0.33 -170.97    94
  14.10    24.96   269.69    2.23 -170.97    80
  14.70    34.93   268.66    3.34 -170.97    80
  15.30    32.05   266.96    3.13 -170.97    80
  15.90    29.65   265.62    2.90 -170.97   100
  16.50    28.47   244.48    1.38 -170.97   100
  17.10     4.73   250.11    0.04 -170.97    80
  17.70     1.84   107.37   -3.96 -170.97    20
  18.30     3.10    69.00   -4.31 -170.97    80
  18.90    15.15   307.55   -5.38 -170.97    60
  19.50    20.52   291.53   -4.37 -170.97    60
  20.10    40.17   280.60   -5.05 -170.97    60
  20.70    31.63   283.02   -2.88 -170.97    60
  21.30    38.76   264.53   -3.84 -170.97    80
  21.90    31.23   253.07   -2.65 -170.97   100
  22.50    17.71   237.07   -2.29 -170.97    40
  23.10     9.93   214.33   -1.65 -170.97    40
  23.70     7.33   185.43   -2.27 -170.97    60
  24.30     8.05   166.51   -2.29 -170.97   100
  24.90     3.17   122.32   -1.75 -170.97    80
  25.50     5.24    26.31   -1.08 -170.97    80
  26.10    16.14     7.66   -0.04 -170.97    60
  26.70    16.50     4.13    0.09 -170.97    80
  27.30    17.51     7.15    0.08 -170.97    60
  27.90    10.19    18.10   -0.93 -170.97    80
  28.50    13.71    18.06   -0.94 -170.97    60
  29.10    14.14    20.79   -0.97 -170.97    80
  29.70    17.68   331.32   -2.21 -170.97    80
  30.30    19.25   335.29   -2.20 -170.97   100
  30.90    20.23   336.48   -2.13 -170.97    60
  31.50    26.05    40.45   -1.76 -170.97    80
  32.10    26.40    39.59   -1.97 -170.97    80
  32.70    31.06    54.89   -3.10 -170.97    60
  33.30    32.96    66.84   -4.06 -170.97    80
  33.90    19.84    65.20   -3.08 -170.97    60
  34.50    16.23    58.96   -2.72 -170.97    80
  35.10    16.06    59.66   -2.75 -170.97    80
  35.70     9.74    50.15   -2.06 -170.97    40
  36.30    10.08    25.31   -1.81 -170.97    80
  36.90    11.68    39.35   -1.46 -170.97    94
  37.50     4.97   100.39   -0.54 -170.97    60
  38.10    12.17   154.03    0.41 -170.97    55
  38.70    13.80   143.04    1.70 -170.97    60
  39.30    26.18   140.02    4.47 -170.97    44
  39.90    33.19   153.02    6.95 -170.97    61
  40.50    33.05   164.56    7.32 -170.97    56
  41.10    33.75   164.89    7.37 -170.97    61
  41.70     1.77   245.41    1.86 -170.97    75
  42.30     3.03   358.73    1.39 -170.97    94
  42.90     5.10    37.02    0.92 -170.97   100
  43.50     7.86    22.87    0.62 -170.97    94
  44.10     8.03     7.12   -0.50 -170.97    94
  44.70    11.08   355.98    0.50 -170.97    34
  45.30    12.08     3.48    0.27 -170.97    89
  45.90     8.10     1.36    0.61 -170.97    40
  46.50     6.28     6.07    0.60 -170.97    50
  47.10     4.83   204.07   -1.22 -9999999    20
  47.70    23.83   264.99    1.57 -170.97    60
