#DataName: Atmospheric Wind and Refractive Index Structure Constant
#CopyRight: Chinese Meridian Project
#Station: OQZQB(108.66E,22.10N,23m)
#Instrument: MST Radar
#Producer: Wuhan University
#FileCreateTime: 2024-04-15T13:46:26
#DataLevel: L2
#DataVersion: V01.00
#DataStartTime: 2024-04-15T13:30:00.000
#DataEndTime: 2024-04-15T13:46:06.000
#RecordNumber: 200
#QualityFlag: 1(1:Okay,2:Caution,3:No-Recommend)
#DeviceState: TansInputPower=800kW, WellRAntennaNum=1261, WellTAntennaNum=997
#DeviceSpec: Freq=50.00MHz, PkPower=1994kW, RAntennaNum=1261, TAntennaNum=997, BeamWidth=4.5deg, Rband=1.0MHz
#ObsParameters: PlsWidth=8.00us, PlsCode=8-bit Complementary, PRF=625.00Hz, PlsAccum=4, Range=240km, GateNum=200, Rmin=300m, EleAngle=15.0deg, BeamOrder=SZNEW, nFFT=1024, SpAverage=8
#Height(km): The Height Level of the Wind Data, F7.2, missingdata=NaN
#Horiz WS(m/s): Horizontal Wind Speed in m/s, F8.2, missingdata=-99999999
#Horiz_WD(m/s): Horizontal Direction in Degree, Clockwise from Due North, F8.2, missingdata=-99999999
#Verti_V(m/s): Vertical Velocity in m/s, F7.2, missingdata=-9999999
#Cn2(dB): Atmospheric Refractive index Structure Constant in dB, F7.2, missingdata=-9999999
#Credi: Credibility of Data, I5.3, missingdata=-99999
#-------------------------------------------------------------------
 Height Horiz_WS Horiz_WD Verti_V     Cn2 Credi
   0.30    10.76   273.79   -1.20 -171.49    78
   1.50 -99999999 -99999999 -9999999 -164.89 -99999
   2.70    12.05   269.67    0.08 -163.38    94
   3.90    12.62   266.61    0.37 -152.94   100
   5.10    13.37   255.19    0.44 -139.78   100
   6.30    14.15   245.83    0.48 -129.00   100
   7.50    15.18   243.48    0.42 -126.03   100
   8.70    15.74   239.16    0.54 -125.36   100
   9.90    15.69   239.51    0.55 -126.00    83
  11.10    15.79   239.99    0.54 -126.44   100
  12.30    13.55   270.63   -0.33 -126.59   100
  13.50    15.59   239.03    0.53 -127.41   100
  14.70    15.67   239.43    0.54 -127.41    91
  15.90    16.07   242.87    0.48 -129.34   100
  17.10    15.46   245.21    0.45 -129.41    94
  18.30    14.33   244.90    0.39 -143.25    94
  19.50    11.47   251.92    0.74 -155.19    83
  20.70     7.36   245.47    1.17 -155.19    51
  21.90     1.91   222.34    1.26 -155.23    82
  23.10    14.46   335.16    3.16 -162.08    66
  24.30 -99999999 -99999999 -9999999 -166.08 -99999
  25.50 -99999999 -99999999 -9999999 -175.78 -99999
  26.70 -99999999 -99999999 -9999999 -171.06 -99999
  27.90 -99999999 -99999999 -9999999 -166.29 -99999
  29.10 -99999999 -99999999 -9999999 -166.29 -99999
  30.30 -99999999 -99999999 -9999999 -166.11 -99999
  31.50 -99999999 -99999999 -9999999 -166.11 -99999
  32.70 -99999999 -99999999 -9999999 -165.24 -99999
  33.90 -99999999 -99999999 -9999999 -165.32 -99999
  35.10 -99999999 -99999999 -9999999 -165.32 -99999
  36.30 -99999999 -99999999 -9999999 -166.17 -99999
  37.50 -99999999 -99999999 -9999999 -167.13 -99999
  38.70 -99999999 -99999999 -9999999 -168.18 -99999
  39.90 -99999999 -99999999 -9999999 -169.35 -99999
  41.10 -99999999 -99999999 -9999999 -168.18 -99999
  42.30 -99999999 -99999999 -9999999 -166.25 -99999
  43.50 -99999999 -99999999 -9999999 -163.78 -99999
  44.70 -99999999 -99999999 -9999999 -162.16 -99999
  45.90 -99999999 -99999999 -9999999 -162.16 -99999
  47.10 -99999999 -99999999 -9999999 -162.98 -99999
  48.30 -99999999 -99999999 -9999999 -162.98 -99999
  49.50 -99999999 -99999999 -9999999 -168.42 -99999
  50.70 -99999999 -99999999 -9999999 -171.58 -99999
  51.90 -99999999 -99999999 -9999999 -174.42 -99999
  53.10 -99999999 -99999999 -9999999 -169.62 -99999
  54.30 -99999999 -99999999 -9999999 -171.06 -99999
  55.50 -99999999 -99999999 -9999999 -171.06 -99999
  56.70 -99999999 -99999999 -9999999 -171.12 -99999
  57.90 -99999999 -99999999 -9999999 -171.51 -99999
  59.10 -99999999 -99999999 -9999999 -174.76 -99999
  60.30 -99999999 -99999999 -9999999 -175.08 -99999
  61.50 -99999999 -99999999 -9999999 -175.08 -99999
  62.70 -99999999 -99999999 -9999999 -175.32 -99999
  63.90 -99999999 -99999999 -9999999 -174.92 -99999
  65.10 -99999999 -99999999 -9999999 -174.68 -99999
  66.30 -99999999 -99999999 -9999999 -174.68 -99999
  67.50 -99999999 -99999999 -9999999 -175.16 -99999
  68.70 -99999999 -99999999 -9999999 -175.13 -99999
  69.90 -99999999 -99999999 -9999999 -175.09 -99999
  71.10 -99999999 -99999999 -9999999 -175.21 -99999
  72.30 -99999999 -99999999 -9999999 -175.09 -99999
  73.50 -99999999 -99999999 -9999999 -175.15 -99999
  74.70 -99999999 -99999999 -9999999 -175.02 -99999
  75.90 -99999999 -99999999 -9999999 -9999999 -99999
  77.10 -99999999 -99999999 -9999999 -9999999 -99999
  78.30 -99999999 -99999999 -9999999 -9999999 -99999
  79.50 -99999999 -99999999 -9999999 -9999999 -99999
  80.70 -99999999 -99999999 -9999999 -9999999 -99999
  81.90 -99999999 -99999999 -9999999 -9999999 -99999
  83.10 -99999999 -99999999 -9999999 -9999999 -99999
  84.30 -99999999 -99999999 -9999999 -174.46 -99999
  85.50 -99999999 -99999999 -9999999 -174.40 -99999
  86.70 -99999999 -99999999 -9999999 -174.04 -99999
  87.90   165.65   323.57   19.81 -174.48    41
  89.10   153.88   330.00   19.81 -174.46    73
  90.30   154.79   334.30   19.10 -174.02    46
  91.50   165.58   336.09   19.10 -173.86    68
  92.70    85.03   352.38    8.29 -174.40    63
  93.90    53.84   314.98   15.91 -9999999    50
  95.10    52.59   316.36   15.80 -9999999    63
  96.30    48.03   268.63   21.54 -9999999    91
  97.50    20.28   296.30   16.07 -9999999    67
  98.70 -99999999 -99999999 -9999999 -9999999 -99999
  99.90 -99999999 -99999999 -9999999 -9999999 -99999
 101.10 -99999999 -99999999 -9999999 -9999999 -99999
 102.30 -99999999 -99999999 -9999999 -9999999 -99999
 103.50 -99999999 -99999999 -9999999 -9999999 -99999
 104.70 -99999999 -99999999 -9999999 -9999999 -99999
 105.90 -99999999 -99999999 -9999999 -9999999 -99999
 107.10 -99999999 -99999999 -9999999 -9999999 -99999
 108.30 -99999999 -99999999 -9999999 -9999999 -99999
 109.50 -99999999 -99999999 -9999999 -9999999 -99999
 110.70 -99999999 -99999999 -9999999 -9999999 -99999
 111.90 -99999999 -99999999 -9999999 -9999999 -99999
 113.10 -99999999 -99999999 -9999999 -9999999 -99999
 114.30 -99999999 -99999999 -9999999 -9999999 -99999
 115.50 -99999999 -99999999 -9999999 -9999999 -99999
 116.70 -99999999 -99999999 -9999999 -9999999 -99999
 117.90   139.64   267.27   -5.18 -9999999    66
 119.10 -99999999 -99999999 -9999999 -175.44 -99999
 120.30 -99999999 -99999999 -9999999 -175.47 -99999
 121.50    55.84   155.81    1.10 -175.47    28
 122.70   177.11   117.38    0.55 -175.47    53
 123.90   133.70   158.75    9.10 -175.51    59
 125.10    33.35   139.31   -6.78 -9999999    51
 126.30 -99999999 -99999999 -9999999 -9999999 -99999
 127.50 -99999999 -99999999 -9999999 -9999999 -99999
 128.70 -99999999 -99999999 -9999999 -9999999 -99999
 129.90 -99999999 -99999999 -9999999 -9999999 -99999
 131.10 -99999999 -99999999 -9999999 -9999999 -99999
 132.30 -99999999 -99999999 -9999999 -9999999 -99999
 133.50 -99999999 -99999999 -9999999 -9999999 -99999
 134.70 -99999999 -99999999 -9999999 -9999999 -99999
 135.90 -99999999 -99999999 -9999999 -9999999 -99999
 137.10 -99999999 -99999999 -9999999 -9999999 -99999
 138.30 -99999999 -99999999 -9999999 -9999999 -99999
 139.50 -99999999 -99999999 -9999999 -9999999 -99999
 140.70 -99999999 -99999999 -9999999 -9999999 -99999
 141.90 -99999999 -99999999 -9999999 -9999999 -99999
 143.10 -99999999 -99999999 -9999999 -9999999 -99999
 144.30 -99999999 -99999999 -9999999 -9999999 -99999
 145.50 -99999999 -99999999 -9999999 -9999999 -99999
 146.70 -99999999 -99999999 -9999999 -9999999 -99999
 147.90 -99999999 -99999999 -9999999 -9999999 -99999
 149.10 -99999999 -99999999 -9999999 -9999999 -99999
 150.30 -99999999 -99999999 -9999999 -9999999 -99999
 151.50 -99999999 -99999999 -9999999 -9999999 -99999
 152.70 -99999999 -99999999 -9999999 -9999999 -99999
 153.90 -99999999 -99999999 -9999999 -9999999 -99999
 155.10 -99999999 -99999999 -9999999 -9999999 -99999
 156.30 -99999999 -99999999 -9999999 -9999999 -99999
 157.50 -99999999 -99999999 -9999999 -9999999 -99999
 158.70 -99999999 -99999999 -9999999 -9999999 -99999
 159.90 -99999999 -99999999 -9999999 -9999999 -99999
 161.10 -99999999 -99999999 -9999999 -9999999 -99999
 162.30 -99999999 -99999999 -9999999 -9999999 -99999
 163.50 -99999999 -99999999 -9999999 -9999999 -99999
 164.70 -99999999 -99999999 -9999999 -9999999 -99999
 165.90 -99999999 -99999999 -9999999 -9999999 -99999
 167.10 -99999999 -99999999 -9999999 -9999999 -99999
 168.30 -99999999 -99999999 -9999999 -9999999 -99999
 169.50 -99999999 -99999999 -9999999 -9999999 -99999
 170.70 -99999999 -99999999 -9999999 -9999999 -99999
 171.90 -99999999 -99999999 -9999999 -9999999 -99999
 173.10 -99999999 -99999999 -9999999 -9999999 -99999
 174.30 -99999999 -99999999 -9999999 -9999999 -99999
 175.50 -99999999 -99999999 -9999999 -9999999 -99999
 176.70 -99999999 -99999999 -9999999 -9999999 -99999
 177.90 -99999999 -99999999 -9999999 -9999999 -99999
 179.10 -99999999 -99999999 -9999999 -9999999 -99999
 180.30 -99999999 -99999999 -9999999 -9999999 -99999
 181.50 -99999999 -99999999 -9999999 -9999999 -99999
 182.70 -99999999 -99999999 -9999999 -9999999 -99999
 183.90 -99999999 -99999999 -9999999 -9999999 -99999
 185.10 -99999999 -99999999 -9999999 -9999999 -99999
 186.30 -99999999 -99999999 -9999999 -9999999 -99999
 187.50 -99999999 -99999999 -9999999 -9999999 -99999
 188.70 -99999999 -99999999 -9999999 -9999999 -99999
 189.90 -99999999 -99999999 -9999999 -9999999 -99999
 191.10 -99999999 -99999999 -9999999 -9999999 -99999
 192.30 -99999999 -99999999 -9999999 -9999999 -99999
 193.50 -99999999 -99999999 -9999999 -9999999 -99999
 194.70 -99999999 -99999999 -9999999 -9999999 -99999
 195.90 -99999999 -99999999 -9999999 -9999999 -99999
 197.10 -99999999 -99999999 -9999999 -9999999 -99999
 198.30 -99999999 -99999999 -9999999 -9999999 -99999
 199.50 -99999999 -99999999 -9999999 -9999999 -99999
 200.70 -99999999 -99999999 -9999999 -9999999 -99999
 201.90 -99999999 -99999999 -9999999 -9999999 -99999
 203.10 -99999999 -99999999 -9999999 -9999999 -99999
 204.30 -99999999 -99999999 -9999999 -9999999 -99999
 205.50 -99999999 -99999999 -9999999 -9999999 -99999
 206.70 -99999999 -99999999 -9999999 -9999999 -99999
 207.90 -99999999 -99999999 -9999999 -9999999 -99999
 209.10 -99999999 -99999999 -9999999 -9999999 -99999
 210.30 -99999999 -99999999 -9999999 -9999999 -99999
 211.50 -99999999 -99999999 -9999999 -9999999 -99999
 212.70 -99999999 -99999999 -9999999 -9999999 -99999
 213.90 -99999999 -99999999 -9999999 -9999999 -99999
 215.10 -99999999 -99999999 -9999999 -9999999 -99999
 216.30 -99999999 -99999999 -9999999 -9999999 -99999
 217.50 -99999999 -99999999 -9999999 -9999999 -99999
 218.70 -99999999 -99999999 -9999999 -9999999 -99999
 219.90 -99999999 -99999999 -9999999 -9999999 -99999
 221.10 -99999999 -99999999 -9999999 -9999999 -99999
 222.30 -99999999 -99999999 -9999999 -9999999 -99999
 223.50 -99999999 -99999999 -9999999 -9999999 -99999
 224.70 -99999999 -99999999 -9999999 -9999999 -99999
 225.90 -99999999 -99999999 -9999999 -9999999 -99999
 227.10 -99999999 -99999999 -9999999 -9999999 -99999
 228.30 -99999999 -99999999 -9999999 -9999999 -99999
 229.50 -99999999 -99999999 -9999999 -9999999 -99999
 230.70 -99999999 -99999999 -9999999 -9999999 -99999
 231.90 -99999999 -99999999 -9999999 -9999999 -99999
 233.10 -99999999 -99999999 -9999999 -9999999 -99999
 234.30 -99999999 -99999999 -9999999 -9999999 -99999
 235.50 -99999999 -99999999 -9999999 -9999999 -99999
 236.70 -99999999 -99999999 -9999999 -9999999 -99999
 237.90 -99999999 -99999999 -9999999 -9999999 -99999
 239.10 -99999999 -99999999 -9999999 -9999999 -99999
