#DataName: Atmospheric Wind and Refractive Index Structure Constant
#CopyRight: Chinese Meridian Project
#Station: OQZQB(108.66E,22.10N,23m)
#Instrument: MST Radar
#Producer: Wuhan University
#FileCreateTime: 2024-04-08T12:45:29
#DataLevel: L2
#DataVersion: V01.00
#DataStartTime: 2024-04-08T12:30:00.000
#DataEndTime: 2024-04-08T12:45:17.000
#RecordNumber: 160
#QualityFlag: 1(1:Okay,2:Caution,3:No-Recommend)
#DeviceState: TansInputPower=800kW, WellRAntennaNum=1261, WellTAntennaNum=997
#DeviceSpec: Freq=50.00MHz, PkPower=1994kW, RAntennaNum=1261, TAntennaNum=997, BeamWidth=4.5deg, Rband=1.0MHz
#ObsParameters: PlsWidth=8.00us, PlsCode=8-bit Complementary, PRF=781.25Hz, PlsAccum=8, Range=192km, GateNum=160, Rmin=300m, EleAngle=15.0deg, BeamOrder=SZNEW, nFFT=512, SpAverage=8
#Height(km): The Height Level of the Wind Data, F7.2, missingdata=NaN
#Horiz WS(m/s): Horizontal Wind Speed in m/s, F8.2, missingdata=-99999999
#Horiz_WD(m/s): Horizontal Direction in Degree, Clockwise from Due North, F8.2, missingdata=-99999999
#Verti_V(m/s): Vertical Velocity in m/s, F7.2, missingdata=-9999999
#Cn2(dB): Atmospheric Refractive index Structure Constant in dB, F7.2, missingdata=-9999999
#Credi: Credibility of Data, I5.3, missingdata=-99999
#-------------------------------------------------------------------
 Height Horiz_WS Horiz_WD Verti_V     Cn2 Credi
   0.30     3.54   102.19    0.72 -173.41   100
   1.50     0.14   347.76    0.17 -163.01   100
   2.70     2.64   287.38   -0.21 -156.22   100
   3.90     4.20   286.75   -0.36 -154.09   100
   5.10     4.44   285.77   -0.35 -154.09   100
   6.30     4.44   285.89   -0.35 -155.54   100
   7.50     6.14   281.71   -0.33 -157.87   100
   8.70     5.98   279.67   -0.27 -158.68   100
   9.90     4.26   282.56   -0.31 -159.49   100
  11.10     5.89   280.71   -0.35 -159.99   100
  12.30     7.11   277.82   -0.20 -160.91   100
  13.50     6.62   275.65    0.01 -160.77   100
  14.70    10.53   273.25    0.57 -161.16   100
  15.90     9.79   271.31    0.61 -161.72    82
  17.10     7.29   269.96    0.38 -161.72    83
  18.30     5.47   267.88    0.18 -161.71   100
  19.50     0.27   269.65   -0.38 -162.22   100
  20.70     0.48   224.67   -0.43 -162.48   100
  21.90     0.61   208.66   -0.43 -162.50    85
  23.10     5.36   357.32    0.17 -162.50   100
  24.30     5.63   357.96    0.14 -162.50   100
  25.50     0.03   248.43   -0.51 -162.61    82
  26.70     0.09   349.30   -0.50 -162.79   100
  27.90     0.17   316.99   -0.52 -163.07   100
  29.10     0.21   179.82   -0.52 -163.78   100
  30.30     0.43   193.34   -0.54 -164.50   100
  31.50     0.56   185.82   -0.57 -164.95   100
  32.70     0.78   181.78   -0.58 -165.21   100
  33.90     0.94   182.99   -0.58 -165.02   100
  35.10     1.06   185.10   -0.59 -165.10    80
  36.30     1.17   187.51   -0.62 -165.81   100
  37.50    12.80   264.53    0.64 -167.11    82
  38.70    12.99   263.22    0.58 -168.18    87
  39.90    13.01   264.95    0.42 -168.42    81
  41.10    12.91   268.22    0.29 -168.58    87
  42.30     0.31   316.79   -1.12 -168.60    92
  43.50     0.62   352.52   -1.20 -168.63    95
  44.70     0.41   358.12   -1.23 -168.80    97
  45.90     0.13   339.46   -1.22 -169.12    93
  47.10     0.35   329.17   -1.28 -169.89    94
  48.30     0.40   278.34   -1.34 -170.64    91
  49.50     0.99   278.46   -1.47 -171.14    70
  50.70    18.14   228.62   -1.41 -171.90    78
  51.90    23.31   239.84    0.24 -171.90    66
  53.10    23.92   184.68   -1.86 -172.20    85
  54.30 -99999999 -99999999 -9999999 -171.07 -99999
  55.50 -99999999 -99999999 -9999999 -9999999 -99999
  56.70 -99999999 -99999999 -9999999 -9999999 -99999
  57.90 -99999999 -99999999 -9999999 -9999999 -99999
  59.10 -99999999 -99999999 -9999999 -9999999 -99999
  60.30 -99999999 -99999999 -9999999 -9999999 -99999
  61.50 -99999999 -99999999 -9999999 -9999999 -99999
  62.70 -99999999 -99999999 -9999999 -9999999 -99999
  63.90 -99999999 -99999999 -9999999 -9999999 -99999
  65.10 -99999999 -99999999 -9999999 -9999999 -99999
  66.30 -99999999 -99999999 -9999999 -9999999 -99999
  67.50 -99999999 -99999999 -9999999 -9999999 -99999
  68.70 -99999999 -99999999 -9999999 -9999999 -99999
  69.90 -99999999 -99999999 -9999999 -9999999 -99999
  71.10 -99999999 -99999999 -9999999 -9999999 -99999
  72.30 -99999999 -99999999 -9999999 -9999999 -99999
  73.50 -99999999 -99999999 -9999999 -9999999 -99999
  74.70 -99999999 -99999999 -9999999 -9999999 -99999
  75.90 -99999999 -99999999 -9999999 -9999999 -99999
  77.10 -99999999 -99999999 -9999999 -9999999 -99999
  78.30 -99999999 -99999999 -9999999 -9999999 -99999
  79.50 -99999999 -99999999 -9999999 -9999999 -99999
  80.70 -99999999 -99999999 -9999999 -9999999 -99999
  81.90 -99999999 -99999999 -9999999 -172.63 -99999
  83.10 -99999999 -99999999 -9999999 -173.57 -99999
  84.30 -99999999 -99999999 -9999999 -173.57 -99999
  85.50 -99999999 -99999999 -9999999 -172.63 -99999
  86.70 -99999999 -99999999 -9999999 -172.37 -99999
  87.90 -99999999 -99999999 -9999999 -172.11 -99999
  89.10 -99999999 -99999999 -9999999 -172.11 -99999
  90.30 -99999999 -99999999 -9999999 -173.56 -99999
  91.50 -99999999 -99999999 -9999999 -173.56 -99999
  92.70 -99999999 -99999999 -9999999 -175.00 -99999
  93.90   164.20    79.99   36.75 -175.00    70
  95.10   163.65    79.54   36.55 -9999999    73
  96.30   162.07    81.10   36.33 -9999999    58
  97.50   439.73    44.87   86.87 -9999999    60
  98.70 -99999999 -99999999 -9999999 -9999999 -99999
  99.90 -99999999 -99999999 -9999999 -9999999 -99999
 101.10 -99999999 -99999999 -9999999 -172.28 -99999
 102.30 -99999999 -99999999 -9999999 -172.28 -99999
 103.50 -99999999 -99999999 -9999999 -172.28 -99999
 104.70 -99999999 -99999999 -9999999 -172.28 -99999
 105.90 -99999999 -99999999 -9999999 -9999999 -99999
 107.10 -99999999 -99999999 -9999999 -9999999 -99999
 108.30 -99999999 -99999999 -9999999 -9999999 -99999
 109.50 -99999999 -99999999 -9999999 -9999999 -99999
 110.70 -99999999 -99999999 -9999999 -175.36 -99999
 111.90 -99999999 -99999999 -9999999 -175.36 -99999
 113.10 -99999999 -99999999 -9999999 -173.61 -99999
 114.30 -99999999 -99999999 -9999999 -173.61 -99999
 115.50 -99999999 -99999999 -9999999 -171.85 -99999
 116.70 -99999999 -99999999 -9999999 -9999999 -99999
 117.90 -99999999 -99999999 -9999999 -9999999 -99999
 119.10 -99999999 -99999999 -9999999 -9999999 -99999
 120.30 -99999999 -99999999 -9999999 -9999999 -99999
 121.50 -99999999 -99999999 -9999999 -9999999 -99999
 122.70 -99999999 -99999999 -9999999 -9999999 -99999
 123.90 -99999999 -99999999 -9999999 -9999999 -99999
 125.10 -99999999 -99999999 -9999999 -9999999 -99999
 126.30 -99999999 -99999999 -9999999 -9999999 -99999
 127.50 -99999999 -99999999 -9999999 -9999999 -99999
 128.70 -99999999 -99999999 -9999999 -9999999 -99999
 129.90 -99999999 -99999999 -9999999 -9999999 -99999
 131.10 -99999999 -99999999 -9999999 -172.00 -99999
 132.30 -99999999 -99999999 -9999999 -172.00 -99999
 133.50 -99999999 -99999999 -9999999 -172.00 -99999
 134.70 -99999999 -99999999 -9999999 -172.00 -99999
 135.90 -99999999 -99999999 -9999999 -9999999 -99999
 137.10 -99999999 -99999999 -9999999 -9999999 -99999
 138.30 -99999999 -99999999 -9999999 -9999999 -99999
 139.50 -99999999 -99999999 -9999999 -9999999 -99999
 140.70 -99999999 -99999999 -9999999 -9999999 -99999
 141.90 -99999999 -99999999 -9999999 -9999999 -99999
 143.10 -99999999 -99999999 -9999999 -9999999 -99999
 144.30 -99999999 -99999999 -9999999 -9999999 -99999
 145.50 -99999999 -99999999 -9999999 -9999999 -99999
 146.70 -99999999 -99999999 -9999999 -9999999 -99999
 147.90 -99999999 -99999999 -9999999 -9999999 -99999
 149.10 -99999999 -99999999 -9999999 -9999999 -99999
 150.30 -99999999 -99999999 -9999999 -9999999 -99999
 151.50 -99999999 -99999999 -9999999 -9999999 -99999
 152.70 -99999999 -99999999 -9999999 -9999999 -99999
 153.90 -99999999 -99999999 -9999999 -9999999 -99999
 155.10 -99999999 -99999999 -9999999 -9999999 -99999
 156.30 -99999999 -99999999 -9999999 -9999999 -99999
 157.50 -99999999 -99999999 -9999999 -9999999 -99999
 158.70 -99999999 -99999999 -9999999 -9999999 -99999
 159.90 -99999999 -99999999 -9999999 -9999999 -99999
 161.10 -99999999 -99999999 -9999999 -9999999 -99999
 162.30 -99999999 -99999999 -9999999 -9999999 -99999
 163.50 -99999999 -99999999 -9999999 -9999999 -99999
 164.70 -99999999 -99999999 -9999999 -9999999 -99999
 165.90 -99999999 -99999999 -9999999 -9999999 -99999
 167.10 -99999999 -99999999 -9999999 -9999999 -99999
 168.30 -99999999 -99999999 -9999999 -9999999 -99999
 169.50 -99999999 -99999999 -9999999 -9999999 -99999
 170.70 -99999999 -99999999 -9999999 -9999999 -99999
 171.90 -99999999 -99999999 -9999999 -9999999 -99999
 173.10 -99999999 -99999999 -9999999 -9999999 -99999
 174.30 -99999999 -99999999 -9999999 -9999999 -99999
 175.50 -99999999 -99999999 -9999999 -9999999 -99999
 176.70 -99999999 -99999999 -9999999 -9999999 -99999
 177.90 -99999999 -99999999 -9999999 -9999999 -99999
 179.10 -99999999 -99999999 -9999999 -9999999 -99999
 180.30 -99999999 -99999999 -9999999 -9999999 -99999
 181.50 -99999999 -99999999 -9999999 -9999999 -99999
 182.70 -99999999 -99999999 -9999999 -9999999 -99999
 183.90 -99999999 -99999999 -9999999 -9999999 -99999
 185.10 -99999999 -99999999 -9999999 -9999999 -99999
 186.30 -99999999 -99999999 -9999999 -9999999 -99999
 187.50 -99999999 -99999999 -9999999 -9999999 -99999
 188.70 -99999999 -99999999 -9999999 -9999999 -99999
 189.90 -99999999 -99999999 -9999999 -9999999 -99999
 191.10 -99999999 -99999999 -9999999 -9999999 -99999
