#DataName: Atmospheric Wind and Refractive Index Structure Constant
#CopyRight: Chinese Meridian Project
#Station: OQZQB(108.66E,22.10N,23m)
#Instrument: MST Radar
#Producer: Wuhan University
#FileCreateTime: 2024-04-14T21:46:09
#DataLevel: L2
#DataVersion: V01.00
#DataStartTime: 2024-04-14T21:30:00.000
#DataEndTime: 2024-04-14T21:46:05.000
#RecordNumber: 200
#QualityFlag: 1(1:Okay,2:Caution,3:No-Recommend)
#DeviceState: TansInputPower=800kW, WellRAntennaNum=1261, WellTAntennaNum=997
#DeviceSpec: Freq=50.00MHz, PkPower=1994kW, RAntennaNum=1261, TAntennaNum=997, BeamWidth=4.5deg, Rband=1.0MHz
#ObsParameters: PlsWidth=8.00us, PlsCode=8-bit Complementary, PRF=625.00Hz, PlsAccum=4, Range=240km, GateNum=200, Rmin=300m, EleAngle=15.0deg, BeamOrder=SZNEW, nFFT=1024, SpAverage=8
#Height(km): The Height Level of the Wind Data, F7.2, missingdata=NaN
#Horiz WS(m/s): Horizontal Wind Speed in m/s, F8.2, missingdata=-99999999
#Horiz_WD(m/s): Horizontal Direction in Degree, Clockwise from Due North, F8.2, missingdata=-99999999
#Verti_V(m/s): Vertical Velocity in m/s, F7.2, missingdata=-9999999
#Cn2(dB): Atmospheric Refractive index Structure Constant in dB, F7.2, missingdata=-9999999
#Credi: Credibility of Data, I5.3, missingdata=-99999
#-------------------------------------------------------------------
 Height Horiz_WS Horiz_WD Verti_V     Cn2 Credi
   0.30     0.52   322.72   -0.01 -163.05    67
   1.50 -99999999 -99999999 -9999999 -163.05 -99999
   2.70     2.23   270.30    0.14 -164.55    85
   3.90     3.79   248.06    0.39 -160.66   100
   5.10     6.68   230.03    0.11 -156.80   100
   6.30     8.78   229.45   -0.30 -157.30   100
   7.50    12.16   224.99   -0.53 -155.79   100
   8.70    12.48   224.44   -0.59 -155.45   100
   9.90    12.44   224.36   -0.59 -154.82   100
  11.10    13.06   223.67   -0.61 -157.73   100
  12.30    13.70   224.50   -0.72 -160.56   100
  13.50    12.90   223.25   -0.63 -161.04   100
  14.70    13.05   225.89   -0.58 -161.96    90
  15.90    15.96   233.67   -0.53 -163.26   100
  17.10    16.93   238.37   -0.43 -164.34    86
  18.30    14.74   242.69   -0.28 -165.97    81
  19.50    13.78   251.85   -0.25 -166.64    91
  20.70    11.98   266.57    0.05 -167.63    97
  21.90     8.72   270.83    0.10 -166.61    88
  23.10     5.75   286.20    0.24 -167.27    70
  24.30 -99999999 -99999999 -9999999 -167.33 -99999
  25.50 -99999999 -99999999 -9999999 -9999999 -99999
  26.70 -99999999 -99999999 -9999999 -9999999 -99999
  27.90 -99999999 -99999999 -9999999 -9999999 -99999
  29.10 -99999999 -99999999 -9999999 -9999999 -99999
  30.30 -99999999 -99999999 -9999999 -9999999 -99999
  31.50 -99999999 -99999999 -9999999 -9999999 -99999
  32.70 -99999999 -99999999 -9999999 -9999999 -99999
  33.90 -99999999 -99999999 -9999999 -9999999 -99999
  35.10 -99999999 -99999999 -9999999 -9999999 -99999
  36.30 -99999999 -99999999 -9999999 -9999999 -99999
  37.50 -99999999 -99999999 -9999999 -9999999 -99999
  38.70 -99999999 -99999999 -9999999 -9999999 -99999
  39.90 -99999999 -99999999 -9999999 -9999999 -99999
  41.10 -99999999 -99999999 -9999999 -9999999 -99999
  42.30 -99999999 -99999999 -9999999 -9999999 -99999
  43.50 -99999999 -99999999 -9999999 -9999999 -99999
  44.70 -99999999 -99999999 -9999999 -9999999 -99999
  45.90 -99999999 -99999999 -9999999 -9999999 -99999
  47.10 -99999999 -99999999 -9999999 -9999999 -99999
  48.30 -99999999 -99999999 -9999999 -9999999 -99999
  49.50 -99999999 -99999999 -9999999 -9999999 -99999
  50.70 -99999999 -99999999 -9999999 -9999999 -99999
  51.90 -99999999 -99999999 -9999999 -9999999 -99999
  53.10 -99999999 -99999999 -9999999 -9999999 -99999
  54.30 -99999999 -99999999 -9999999 -9999999 -99999
  55.50 -99999999 -99999999 -9999999 -9999999 -99999
  56.70 -99999999 -99999999 -9999999 -9999999 -99999
  57.90 -99999999 -99999999 -9999999 -9999999 -99999
  59.10 -99999999 -99999999 -9999999 -9999999 -99999
  60.30 -99999999 -99999999 -9999999 -9999999 -99999
  61.50 -99999999 -99999999 -9999999 -9999999 -99999
  62.70 -99999999 -99999999 -9999999 -9999999 -99999
  63.90 -99999999 -99999999 -9999999 -9999999 -99999
  65.10 -99999999 -99999999 -9999999 -9999999 -99999
  66.30 -99999999 -99999999 -9999999 -9999999 -99999
  67.50 -99999999 -99999999 -9999999 -9999999 -99999
  68.70 -99999999 -99999999 -9999999 -9999999 -99999
  69.90 -99999999 -99999999 -9999999 -9999999 -99999
  71.10 -99999999 -99999999 -9999999 -9999999 -99999
  72.30 -99999999 -99999999 -9999999 -9999999 -99999
  73.50 -99999999 -99999999 -9999999 -9999999 -99999
  74.70 -99999999 -99999999 -9999999 -9999999 -99999
  75.90 -99999999 -99999999 -9999999 -9999999 -99999
  77.10 -99999999 -99999999 -9999999 -9999999 -99999
  78.30 -99999999 -99999999 -9999999 -9999999 -99999
  79.50 -99999999 -99999999 -9999999 -9999999 -99999
  80.70 -99999999 -99999999 -9999999 -9999999 -99999
  81.90 -99999999 -99999999 -9999999 -9999999 -99999
  83.10 -99999999 -99999999 -9999999 -9999999 -99999
  84.30 -99999999 -99999999 -9999999 -9999999 -99999
  85.50 -99999999 -99999999 -9999999 -9999999 -99999
  86.70 -99999999 -99999999 -9999999 -9999999 -99999
  87.90   275.26   100.42   20.28 -9999999    45
  89.10   330.16    98.78   20.12 -9999999    73
  90.30   330.40    98.72   20.19 -168.20    56
  91.50   119.22   113.02    0.35 -168.20    36
  92.70   114.39   148.25   12.69 -168.20    45
  93.90   140.35   150.86    8.69 -168.20    64
  95.10   101.00   138.09    7.29 -9999999    67
  96.30   111.44   149.13    4.99 -9999999    63
  97.50   148.98   161.92   10.31 -9999999    38
  98.70   107.14   159.88    1.01 -9999999    25
  99.90    76.38   148.86    0.21 -9999999    50
 101.10    36.84   107.11   -0.94 -9999999    25
 102.30 -99999999 -99999999 -9999999 -9999999 -99999
 103.50 -99999999 -99999999 -9999999 -9999999 -99999
 104.70 -99999999 -99999999 -9999999 -9999999 -99999
 105.90   232.42   281.29   13.20 -9999999    28
 107.10   205.23   271.69   23.77 -9999999    40
 108.30 -99999999 -99999999 -9999999 -9999999 -99999
 109.50 -99999999 -99999999 -9999999 -9999999 -99999
 110.70 -99999999 -99999999 -9999999 -9999999 -99999
 111.90 -99999999 -99999999 -9999999 -9999999 -99999
 113.10 -99999999 -99999999 -9999999 -9999999 -99999
 114.30 -99999999 -99999999 -9999999 -9999999 -99999
 115.50 -99999999 -99999999 -9999999 -9999999 -99999
 116.70 -99999999 -99999999 -9999999 -9999999 -99999
 117.90 -99999999 -99999999 -9999999 -9999999 -99999
 119.10 -99999999 -99999999 -9999999 -9999999 -99999
 120.30 -99999999 -99999999 -9999999 -9999999 -99999
 121.50 -99999999 -99999999 -9999999 -9999999 -99999
 122.70 -99999999 -99999999 -9999999 -9999999 -99999
 123.90 -99999999 -99999999 -9999999 -9999999 -99999
 125.10 -99999999 -99999999 -9999999 -9999999 -99999
 126.30 -99999999 -99999999 -9999999 -9999999 -99999
 127.50 -99999999 -99999999 -9999999 -9999999 -99999
 128.70 -99999999 -99999999 -9999999 -9999999 -99999
 129.90 -99999999 -99999999 -9999999 -9999999 -99999
 131.10 -99999999 -99999999 -9999999 -9999999 -99999
 132.30 -99999999 -99999999 -9999999 -9999999 -99999
 133.50 -99999999 -99999999 -9999999 -9999999 -99999
 134.70 -99999999 -99999999 -9999999 -9999999 -99999
 135.90 -99999999 -99999999 -9999999 -9999999 -99999
 137.10 -99999999 -99999999 -9999999 -9999999 -99999
 138.30 -99999999 -99999999 -9999999 -9999999 -99999
 139.50 -99999999 -99999999 -9999999 -9999999 -99999
 140.70 -99999999 -99999999 -9999999 -9999999 -99999
 141.90 -99999999 -99999999 -9999999 -9999999 -99999
 143.10 -99999999 -99999999 -9999999 -9999999 -99999
 144.30 -99999999 -99999999 -9999999 -9999999 -99999
 145.50 -99999999 -99999999 -9999999 -9999999 -99999
 146.70 -99999999 -99999999 -9999999 -9999999 -99999
 147.90 -99999999 -99999999 -9999999 -9999999 -99999
 149.10 -99999999 -99999999 -9999999 -9999999 -99999
 150.30 -99999999 -99999999 -9999999 -9999999 -99999
 151.50 -99999999 -99999999 -9999999 -9999999 -99999
 152.70 -99999999 -99999999 -9999999 -9999999 -99999
 153.90 -99999999 -99999999 -9999999 -9999999 -99999
 155.10 -99999999 -99999999 -9999999 -9999999 -99999
 156.30 -99999999 -99999999 -9999999 -9999999 -99999
 157.50 -99999999 -99999999 -9999999 -9999999 -99999
 158.70 -99999999 -99999999 -9999999 -9999999 -99999
 159.90 -99999999 -99999999 -9999999 -9999999 -99999
 161.10 -99999999 -99999999 -9999999 -9999999 -99999
 162.30 -99999999 -99999999 -9999999 -9999999 -99999
 163.50 -99999999 -99999999 -9999999 -9999999 -99999
 164.70 -99999999 -99999999 -9999999 -9999999 -99999
 165.90 -99999999 -99999999 -9999999 -9999999 -99999
 167.10 -99999999 -99999999 -9999999 -9999999 -99999
 168.30 -99999999 -99999999 -9999999 -9999999 -99999
 169.50 -99999999 -99999999 -9999999 -9999999 -99999
 170.70 -99999999 -99999999 -9999999 -9999999 -99999
 171.90 -99999999 -99999999 -9999999 -9999999 -99999
 173.10 -99999999 -99999999 -9999999 -9999999 -99999
 174.30 -99999999 -99999999 -9999999 -9999999 -99999
 175.50 -99999999 -99999999 -9999999 -9999999 -99999
 176.70 -99999999 -99999999 -9999999 -9999999 -99999
 177.90 -99999999 -99999999 -9999999 -9999999 -99999
 179.10 -99999999 -99999999 -9999999 -9999999 -99999
 180.30 -99999999 -99999999 -9999999 -9999999 -99999
 181.50 -99999999 -99999999 -9999999 -9999999 -99999
 182.70 -99999999 -99999999 -9999999 -9999999 -99999
 183.90 -99999999 -99999999 -9999999 -9999999 -99999
 185.10 -99999999 -99999999 -9999999 -9999999 -99999
 186.30 -99999999 -99999999 -9999999 -9999999 -99999
 187.50 -99999999 -99999999 -9999999 -9999999 -99999
 188.70 -99999999 -99999999 -9999999 -9999999 -99999
 189.90 -99999999 -99999999 -9999999 -9999999 -99999
 191.10 -99999999 -99999999 -9999999 -9999999 -99999
 192.30 -99999999 -99999999 -9999999 -9999999 -99999
 193.50 -99999999 -99999999 -9999999 -9999999 -99999
 194.70 -99999999 -99999999 -9999999 -9999999 -99999
 195.90 -99999999 -99999999 -9999999 -9999999 -99999
 197.10 -99999999 -99999999 -9999999 -9999999 -99999
 198.30 -99999999 -99999999 -9999999 -9999999 -99999
 199.50 -99999999 -99999999 -9999999 -9999999 -99999
 200.70 -99999999 -99999999 -9999999 -9999999 -99999
 201.90 -99999999 -99999999 -9999999 -9999999 -99999
 203.10 -99999999 -99999999 -9999999 -9999999 -99999
 204.30 -99999999 -99999999 -9999999 -9999999 -99999
 205.50 -99999999 -99999999 -9999999 -9999999 -99999
 206.70 -99999999 -99999999 -9999999 -9999999 -99999
 207.90 -99999999 -99999999 -9999999 -9999999 -99999
 209.10 -99999999 -99999999 -9999999 -9999999 -99999
 210.30 -99999999 -99999999 -9999999 -9999999 -99999
 211.50 -99999999 -99999999 -9999999 -9999999 -99999
 212.70 -99999999 -99999999 -9999999 -9999999 -99999
 213.90 -99999999 -99999999 -9999999 -9999999 -99999
 215.10 -99999999 -99999999 -9999999 -9999999 -99999
 216.30 -99999999 -99999999 -9999999 -9999999 -99999
 217.50 -99999999 -99999999 -9999999 -9999999 -99999
 218.70 -99999999 -99999999 -9999999 -9999999 -99999
 219.90 -99999999 -99999999 -9999999 -9999999 -99999
 221.10 -99999999 -99999999 -9999999 -9999999 -99999
 222.30 -99999999 -99999999 -9999999 -9999999 -99999
 223.50 -99999999 -99999999 -9999999 -9999999 -99999
 224.70 -99999999 -99999999 -9999999 -9999999 -99999
 225.90 -99999999 -99999999 -9999999 -9999999 -99999
 227.10 -99999999 -99999999 -9999999 -9999999 -99999
 228.30 -99999999 -99999999 -9999999 -9999999 -99999
 229.50 -99999999 -99999999 -9999999 -9999999 -99999
 230.70 -99999999 -99999999 -9999999 -9999999 -99999
 231.90 -99999999 -99999999 -9999999 -9999999 -99999
 233.10 -99999999 -99999999 -9999999 -9999999 -99999
 234.30 -99999999 -99999999 -9999999 -9999999 -99999
 235.50 -99999999 -99999999 -9999999 -9999999 -99999
 236.70 -99999999 -99999999 -9999999 -9999999 -99999
 237.90 -99999999 -99999999 -9999999 -9999999 -99999
 239.10 -99999999 -99999999 -9999999 -9999999 -99999
