#DataName: Atmospheric Wind and Refractive Index Structure Constant
#CopyRight: Chinese Meridian Project
#Station: OQZQB(108.66E,22.10N,23m)
#Instrument: MST Radar
#Producer: Wuhan University
#FileCreateTime: 2024-04-03T23:44:41
#DataLevel: L2
#DataVersion: V01.00
#DataStartTime: 2024-04-03T23:30:00.000
#DataEndTime: 2024-04-03T23:44:36.000
#RecordNumber: 100
#QualityFlag: 1(1:Okay,2:Caution,3:No-Recommend)
#DeviceState: TansInputPower=800kW, WellRAntennaNum=1261, WellTAntennaNum=997
#DeviceSpec: Freq=50.00MHz, PkPower=1994kW, RAntennaNum=1261, TAntennaNum=997, BeamWidth=4.5deg, Rband=1.0MHz
#ObsParameters: PlsWidth=4.00us, PlsCode=8-bit Complementary, PRF=2500.00Hz, PlsAccum=26, Range=60km, GateNum=100, Rmin=300m, EleAngle=15.0deg, BeamOrder=SZNEW, nFFT=512, SpAverage=8
#Height(km): The Height Level of the Wind Data, F7.2, missingdata=NaN
#Horiz WS(m/s): Horizontal Wind Speed in m/s, F8.2, missingdata=-99999999
#Horiz_WD(m/s): Horizontal Direction in Degree, Clockwise from Due North, F8.2, missingdata=-99999999
#Verti_V(m/s): Vertical Velocity in m/s, F7.2, missingdata=-9999999
#Cn2(dB): Atmospheric Refractive index Structure Constant in dB, F7.2, missingdata=-9999999
#Credi: Credibility of Data, I5.3, missingdata=-99999
#-------------------------------------------------------------------
 Height Horiz_WS Horiz_WD Verti_V     Cn2 Credi
   0.30    15.33    37.25   -0.19 -145.86   100
   0.90     0.16   251.86   -0.09 -145.74   100
   1.50     9.01   232.71   -0.16 -142.72   100
   2.10    13.23   237.70   -0.21 -138.71   100
   2.70    14.32   236.70   -0.24 -135.83   100
   3.30    13.78   241.94   -0.30 -134.57   100
   3.90    13.38   248.78   -0.23 -134.02   100
   4.50    13.59   256.05   -0.24 -135.12   100
   5.10    14.24   261.07   -0.22 -137.67   100
   5.70    17.48   263.51   -0.30 -138.20   100
   6.30    20.21   264.76   -0.37 -140.14   100
   6.90    22.74   265.43   -0.45 -141.48   100
   7.50    23.97   265.57   -0.44 -141.74   100
   8.10    25.39   265.92   -0.43 -146.87   100
   8.70    27.28   267.18   -0.38 -150.73   100
   9.30    29.14   268.83   -0.37 -155.24   100
   9.90    30.54   270.26   -0.28 -155.75   100
  10.50    31.64   271.24   -0.28 -154.29   100
  11.10    33.28   272.22   -0.33 -152.33   100
  11.70    36.62   271.85   -0.37 -154.03   100
  12.30    38.22   269.20   -0.15 -154.47   100
  12.90    41.54   265.11   -0.22 -153.18   100
  13.50    41.92   262.61   -0.27 -154.68   100
  14.10    39.29   260.92   -0.31 -157.85   100
  14.70    34.96   259.97   -0.26 -154.82   100
  15.30    33.52   260.79   -0.55 -152.32   100
  15.90    31.29   262.60   -0.51 -156.65   100
  16.50    29.30   263.07   -0.51 -158.64   100
  17.10    26.25   266.04   -0.56 -157.22   100
  17.70    22.65   268.46   -0.42 -158.24   100
  18.30    15.64   268.91   -0.37 -160.67   100
  18.90     9.30   271.21   -0.31 -158.47   100
  19.50     7.08   271.59   -0.34 -158.86   100
  20.10     6.71   266.14   -0.29 -160.52   100
  20.70     6.33   267.29   -0.34 -165.42   100
  21.30     4.82   266.43   -0.32 -168.08   100
  21.90     1.67   271.85   -0.31 -170.99    98
  22.50     2.12    53.71   -0.37 -171.88   100
  23.10     5.13    56.93   -0.54 -172.78    85
  23.70     6.06    61.19   -0.45 -171.65    99
  24.30     7.47    50.68   -0.23 -172.57    89
  24.90     7.53    47.94   -0.15 -172.48    89
  25.50     6.73    82.84   -0.02 -9999999    73
  26.10 -99999999 -99999999 -9999999 -9999999 -99999
  26.70 -99999999 -99999999 -9999999 -9999999 -99999
  27.30 -99999999 -99999999 -9999999 -9999999 -99999
  27.90 -99999999 -99999999 -9999999 -9999999 -99999
  28.50 -99999999 -99999999 -9999999 -9999999 -99999
  29.10 -99999999 -99999999 -9999999 -9999999 -99999
  29.70 -99999999 -99999999 -9999999 -9999999 -99999
  30.30 -99999999 -99999999 -9999999 -9999999 -99999
  30.90 -99999999 -99999999 -9999999 -9999999 -99999
  31.50 -99999999 -99999999 -9999999 -9999999 -99999
  32.10 -99999999 -99999999 -9999999 -9999999 -99999
  32.70 -99999999 -99999999 -9999999 -9999999 -99999
  33.30 -99999999 -99999999 -9999999 -9999999 -99999
  33.90 -99999999 -99999999 -9999999 -9999999 -99999
  34.50 -99999999 -99999999 -9999999 -9999999 -99999
  35.10 -99999999 -99999999 -9999999 -9999999 -99999
  35.70 -99999999 -99999999 -9999999 -9999999 -99999
  36.30 -99999999 -99999999 -9999999 -9999999 -99999
  36.90 -99999999 -99999999 -9999999 -9999999 -99999
  37.50 -99999999 -99999999 -9999999 -9999999 -99999
  38.10 -99999999 -99999999 -9999999 -9999999 -99999
  38.70 -99999999 -99999999 -9999999 -9999999 -99999
  39.30 -99999999 -99999999 -9999999 -9999999 -99999
  39.90 -99999999 -99999999 -9999999 -9999999 -99999
  40.50 -99999999 -99999999 -9999999 -9999999 -99999
  41.10 -99999999 -99999999 -9999999 -9999999 -99999
  41.70 -99999999 -99999999 -9999999 -9999999 -99999
  42.30 -99999999 -99999999 -9999999 -9999999 -99999
  42.90 -99999999 -99999999 -9999999 -9999999 -99999
  43.50 -99999999 -99999999 -9999999 -9999999 -99999
  44.10 -99999999 -99999999 -9999999 -9999999 -99999
  44.70 -99999999 -99999999 -9999999 -9999999 -99999
  45.30 -99999999 -99999999 -9999999 -9999999 -99999
  45.90 -99999999 -99999999 -9999999 -9999999 -99999
  46.50 -99999999 -99999999 -9999999 -9999999 -99999
  47.10 -99999999 -99999999 -9999999 -9999999 -99999
  47.70 -99999999 -99999999 -9999999 -9999999 -99999
  48.30 -99999999 -99999999 -9999999 -9999999 -99999
  48.90 -99999999 -99999999 -9999999 -9999999 -99999
  49.50 -99999999 -99999999 -9999999 -9999999 -99999
  50.10 -99999999 -99999999 -9999999 -9999999 -99999
  50.70 -99999999 -99999999 -9999999 -9999999 -99999
  51.30 -99999999 -99999999 -9999999 -9999999 -99999
  51.90 -99999999 -99999999 -9999999 -9999999 -99999
  52.50 -99999999 -99999999 -9999999 -9999999 -99999
  53.10 -99999999 -99999999 -9999999 -9999999 -99999
  53.70 -99999999 -99999999 -9999999 -9999999 -99999
  54.30 -99999999 -99999999 -9999999 -9999999 -99999
  54.90 -99999999 -99999999 -9999999 -9999999 -99999
  55.50 -99999999 -99999999 -9999999 -9999999 -99999
  56.10 -99999999 -99999999 -9999999 -9999999 -99999
  56.70 -99999999 -99999999 -9999999 -9999999 -99999
  57.30 -99999999 -99999999 -9999999 -9999999 -99999
  57.90 -99999999 -99999999 -9999999 -9999999 -99999
  58.50 -99999999 -99999999 -9999999 -9999999 -99999
  59.10 -99999999 -99999999 -9999999 -9999999 -99999
  59.70 -99999999 -99999999 -9999999 -9999999 -99999
